[0.96978579 0.97193016]
[0.49782822 0.74485685]
[0.67875652 0.81750432]
[0.0105575  0.64507326]
[0.61542996 0.03588291]
[0.1994592  0.44090825]
[0.57717962 0.37150108]
[0.58774676 0.7048716 ]
[0.57254935 0.8070675 ]
[0.99104973 0.14313456]
[0.1169112  0.55738505]
[0.55494338 0.18451945]
[0.2011905  0.03162169]
[0.67205682 0.87245351]
[0.78840238 0.48973831]
[0.90981974 0.13097865]
[0.00089504 0.75127549]
[0.07154473 0.27239753]
[0.11819083 0.98115097]
[0.95827968 0.07279877]
[0.67894735 0.13908325]
[0.09180361 0.53726014]
[0.41156601 0.1141705 ]
[0.65364543 0.80566878]
[0.31779924 0.59417291]
[0.08126976 0.31526433]
[0.78752238 0.55738501]
[0.07840927 0.61576572]
[0.71119563 0.54503996]
[0.16416379 0.01650012]
[0.70353393 0.63973641]
[0.13441518 0.12402865]
[0.45227482 0.26402375]
[0.08419014 0.04211754]
[0.45072399 0.83896014]
[0.19346332 0.87046095]
[0.55487591 0.15627816]
[0.58643428 0.34035547]
[0.45799894 0.28263502]
[0.78716936 0.04974951]
[0.5928789  0.07475048]
[0.5304169  0.60894149]
[0.28183873 0.34751968]
[0.80892441 0.04971341]
[0.50158433 0.59835997]
[0.98723963 0.5494221 ]
[0.36214945 0.01711486]
[0.242062   0.22511879]
[0.78548643 0.09663794]
[0.27742623 0.78034528]
[0.22765749 0.73532503]
[0.51726036 0.95874079]
[0.45653043 0.69369536]
[0.06027276 0.13317317]
[0.17960617 0.8992148 ]
[0.76477367 0.33475248]
[0.12892505 0.70664752]
[0.75696984 0.49742118]
[0.15326876 0.07054247]
[0.77507242 0.37960623]
[0.56761079 0.8751115 ]
[0.02285424 0.95740725]
[0.1681073  0.44298071]
[0.05559273 0.27563628]
[0.53448139 0.96147826]
[0.49755488 0.24176358]
[0.75557004 0.6735868 ]
[0.13606801 0.65067358]
[0.48437117 0.01130051]
[0.93824802 0.07661322]
[0.11020258 0.29767299]
[0.22763374 0.89015632]
[0.81016453 0.109012  ]
[0.36996395 0.98086793]
[0.99523757 0.20617726]
[0.69287326 0.08351193]
[0.02923454 0.15267587]
[0.94543213 0.61057985]
[0.11967362 0.95755246]
[0.3066798 0.0930049]
[0.31478149 0.08060636]
[0.34660301 0.89769223]
[0.953297   0.42022957]
[0.79530065 0.36071636]
[0.60536565 0.6298342 ]
[0.92918035 0.53125806]
[0.41018082 0.38481968]
[0.58974739 0.33420381]
[0.27791687 0.89023759]
[0.59404351 0.37855848]
[0.83795879 0.61446356]
[0.98045756 0.5206164 ]
[0.83145951 0.5241234 ]
[0.33883614 0.45360666]
[0.03507458 0.27307184]
[0.03541586 0.14035728]
[0.90428483 0.31060858]
[0.87031127 0.98503934]
[0.40934011 0.72114992]
[0.12039568 0.81573242]
[0.28427488 0.64953759]
[0.27028937 0.4552619 ]
[0.18327333 0.81735191]
[0.84688863 0.28948991]
[0.59101825 0.73760889]
[0.32386556 0.4048064 ]
[0.54878728 0.78306438]
[0.56172101 0.5124722 ]
[0.80906216 0.30228105]
[0.20880801 0.81643679]
[0.77516658 0.89793203]
[0.71956326 0.78713989]
[0.57475413 0.94234299]
[0.05373835 0.14379517]
[0.26939071 0.95931778]
[0.49723364 0.45262036]
[0.01168131 0.68354271]
[0.30005578 0.00658701]
[0.66103325 0.31362253]
[0.98449129 0.38730296]
[0.06753515 0.37342967]
[0.47496349 0.55059524]
[0.15414879 0.29479659]
[0.5776496  0.40592868]
[0.48812505 0.26823671]
[0.96468716 0.66665502]
[0.82876432 0.49407211]
[0.41514053 0.94208588]
[0.99006474 0.62276442]
[0.57840753 0.60310119]
[0.69490962 0.59308421]
[0.81753435 0.03751476]
[0.8129004  0.02152658]
[0.9686909  0.00376465]
[0.09571985 0.5797719 ]
[0.19809927 0.87050108]
[0.22560667 0.88346714]
[0.47570233 0.62201095]
[0.00890708 0.65737088]
[0.71170869 0.07547816]
[0.34567025 0.2701879 ]
[0.63770796 0.7964459 ]
[0.1777253  0.41879883]
[0.81272674 0.90285542]
[0.82085796 0.92149002]
[0.56052378 0.82920265]
[0.86199402 0.67804339]
[0.10541688 0.54473194]
[0.52325317 0.88058592]
[0.18645662 0.67532216]
[0.91074233 0.95819931]
[0.83121713 0.43491756]
[0.50403978 0.22823862]
[0.84145906 0.34915648]
[0.23196719 0.40615214]
[0.9760549 0.2943265]
[0.96228327 0.06458773]
[0.72869945 0.50123595]
[0.51340104 0.82436508]
[0.74722061 0.47164694]
[0.83531362 0.44208873]
[0.85852493 0.65397497]
[0.53034636 0.42939256]
[0.55201133 0.24611999]
[0.91635644 0.05530948]
[0.49262412 0.21083676]
[0.08920403 0.95418834]
[0.10410923 0.57107923]
[0.55924797 0.81781804]
[0.79041397 0.63929349]
[0.70920967 0.25443739]
[0.930833   0.08454575]
[0.993803  0.7032364]
[0.42266439 0.36599829]
[0.308094   0.86809691]
[0.63438268 0.69222761]
[0.21991191 0.28685541]
[0.47956475 0.51566665]
[0.97478808 0.25179917]
[0.52659617 0.102124  ]
[0.03001737 0.18564034]
[0.26337978 0.02777177]
[0.37673279 0.77873893]
[0.74785335 0.06869787]
[0.00249557 0.63547799]
[0.35120523 0.30715747]
[0.84117565 0.56834936]
[0.36798089 0.85251921]
[0.04308514 0.38023591]
[0.89663433 0.67364625]
[0.36657343 0.34487177]
[0.05867896 0.87992436]
[0.61490531 0.79832292]
[0.52938091 0.5307485 ]
[0.00490332 0.40846828]
[0.0296812 0.8589712]
[0.44575612 0.03026143]
[0.76305547 0.92013272]
[0.03133484 0.25709831]
[0.06917936 0.90307409]
[0.49033925 0.13653916]
[0.74700008 0.9296538 ]
[0.90329677 0.99141027]
[0.50380532 0.59699272]
[0.82944087 0.34694507]
[0.1543543  0.70187491]
[0.57288461 0.23688511]
[0.2836695  0.90997144]
[0.37391529 0.25419338]
[0.5048091  0.73744594]
[0.70316317 0.37400894]
[0.57651567 0.92991103]
[0.95327659 0.85772752]
[0.94132991 0.58041902]
[0.68788454 0.3982886 ]
[0.35446152 0.26972598]
[0.56634629 0.22356865]
[0.69436926 0.22745456]
[0.69899623 0.05552909]
[0.4146218  0.62024772]
[0.74867692 0.15310188]
[0.97394198 0.40054824]
[0.2950004  0.48311235]
[0.01421061 0.03333077]
[0.73612529 0.27053183]
[0.69644412 0.90735827]
[0.06446503 0.50885107]
[0.99706025 0.54603495]
[0.32925682 0.58608395]
[0.23434697 0.68913277]
[0.03648597 0.37594546]
[0.64127892 0.8214181 ]
[0.95871072 0.23093312]
[0.10589154 0.14726998]
[0.02524059 0.99811232]
[0.04385546 0.16545366]
[0.33596351 0.63272858]
[0.42006972 0.51388258]
[0.27125458 0.62565349]
[0.10594927 0.34635334]
[0.2714961  0.31392249]
[0.66460805 0.16768606]
[0.41590408 0.26458423]
[0.36730325 0.32935334]
[0.39490135 0.47355546]
[0.95687203 0.93369063]
[0.26602058 0.86497155]
[0.51348592 0.08706954]
[0.15620094 0.54658782]
[0.61840574 0.51631196]
[0.71942011 0.77635765]
[0.37137459 0.973623  ]
[0.81327954 0.38869648]
[0.10169867 0.22191898]
[0.20408516 0.27558145]
[0.70787679 0.21831385]
[0.55870177 0.66501253]
[0.25813428 0.75116946]
[0.67037603 0.36024931]
[0.1731059  0.74903563]
[0.59175799 0.77708415]
[0.9534946  0.36397366]
[0.45337004 0.58051863]
[0.99653496 0.77670723]
[0.74683953 0.96177842]
[0.31341105 0.02677423]
[0.8546815 0.6142093]
[0.2769019  0.84963675]
[0.14886118 0.66953605]
[0.14009431 0.91007764]
[0.27527001 0.08594193]
[0.2432021  0.64713734]
[0.17442058 0.2060676 ]
[0.97113181 0.80752325]
[0.13909107 0.97317438]
[0.25357264 0.4737968 ]
[0.10639465 0.41541658]
[0.52202928 0.02239096]
[0.83756989 0.05252835]
[0.4787866  0.46817691]
[0.09860168 0.88672192]
[0.94148771 0.72369135]
[0.41697863 0.18013731]
[0.13341429 0.35915893]
[0.18076903 0.61553494]
[0.78665925 0.60614926]
[0.24028121 0.2125952 ]
[0.19941429 0.90203687]
[0.66359545 0.85667414]
[0.22292335 0.70724032]
[0.50831718 0.28715357]
[0.73129354 0.13069007]
[0.86776748 0.39999284]
[0.35813797 0.3043571 ]
[0.73129775 0.51908461]
[0.54424438 0.09940291]
[0.21113204 0.74011153]
[0.98508062 0.8068657 ]
[0.1172979  0.91498738]
[0.2512961  0.38614821]
[0.69937092 0.60715757]
[0.02996785 0.2809473 ]
[0.6806116  0.61921672]
[0.29424749 0.73806752]
[0.38324986 0.37442176]
[0.51165397 0.02047586]
[0.85750823 0.06340125]
[0.90083313 0.93553354]
[0.62770622 0.93594839]
[0.96692259 0.29853256]
[0.80779281 0.69847629]
[0.61791964 0.0330003 ]
[0.25219342 0.04029861]
[0.06062885 0.64894514]
[0.88909113 0.50245719]
[0.83539091 0.60668575]
[0.37355461 0.30786464]
[0.16019683 0.55581979]
[0.72002745 0.88094365]
[0.29353219 0.72308296]
[0.90833461 0.39243445]
[0.5445886  0.28364687]
[0.41162697 0.35221725]
[0.68091027 0.58923445]
[0.00260323 0.4906701 ]
[0.60455192 0.84798084]
[0.19377388 0.50987294]
[0.91397836 0.9017266 ]
[0.11839391 0.77745421]
[0.6013499  0.51400604]
[0.27574851 0.69758684]
[0.39455865 0.80689567]
[0.83191576 0.20639241]
[0.92357448 0.09182346]
[0.61348905 0.2050498 ]
[0.41685146 0.45829997]
[0.12783271 0.1699028 ]
[0.67735557 0.95036278]
[0.83013997 0.76669883]
[0.23393922 0.2675584 ]
[0.88986399 0.72234674]
[0.86297087 0.40886384]
[0.02571296 0.60693505]
[0.36059911 0.4830013 ]
[0.60614144 0.36793456]
[0.19052512 0.50676313]
[0.13140432 0.43184445]
[0.06124237 0.79556339]
[0.10189501 0.20859095]
[0.64903909 0.30050543]
[0.87420891 0.77579846]
[0.84597908 0.72820955]
[0.93258115 0.32435447]
[0.71629051 0.92457732]
[0.58479048 0.22376009]
[0.97477733 0.10886496]
[0.25329399 0.63039954]
[0.55133924 0.01117306]
[0.66108186 0.50316605]
[0.22051122 0.19075899]
[0.18071733 0.03422518]
[0.36066135 0.3085546 ]
[0.10484809 0.41765894]
[0.70209914 0.07684025]
[0.43295166 0.72389791]
[0.99231592 0.58267154]
[0.9708796 0.1950746]
[0.38318895 0.94729025]
[0.57708454 0.78527519]
[0.09721885 0.98673518]
[0.26224375 0.42891442]
[0.31522998 0.62957719]
[0.07740913 0.50492836]
[0.12553096 0.958186  ]
[0.02908726 0.75911616]
[0.57251462 0.62680839]
[0.14992798 0.00614822]
[0.111232   0.62600935]
[0.92214322 0.79190868]
[0.48275509 0.2545424 ]
[0.78808038 0.64547339]
[0.12545019 0.00761166]
[0.31672345 0.19825584]
[0.16274586 0.72863152]
[0.1558307  0.63306634]
[0.62683997 0.14551802]
[0.34816517 0.61529167]
[0.79667356 0.25334334]
[0.85530944 0.04502895]
[8.42365932e-02 6.92874553e-05]
[0.50877002 0.89762269]
[0.94316284 0.17900055]
[0.2226308  0.45133936]
[0.39856207 0.32554527]
[0.5947977  0.00506654]
[0.72971323 0.12487058]
[0.95645828 0.8426311 ]
[0.47354793 0.13001016]
[0.74869264 0.81218918]
[0.53473356 0.70645601]
[0.83424593 0.21744669]
[0.57309228 0.32742104]
[0.84718954 0.66803255]
[0.93698339 0.32829333]
[0.65518403 0.85330535]
[0.96103526 0.54075615]
[0.79037483 0.59774508]
[0.05494317 0.92920072]
[0.91693102 0.84004176]
[0.51654812 0.81208286]
[0.48199551 0.22377813]
[0.2393994  0.50268987]
[0.60161684 0.96987527]
[0.80803959 0.11101252]
[0.11976867 0.53609679]
[0.447859   0.02987738]
[0.59095858 0.64658788]
[0.66031862 0.17890855]
[0.45130773 0.384041  ]
[0.61490044 0.7063198 ]
[0.11934701 0.63006497]
[0.01913839 0.17387335]
[0.30930084 0.4981288 ]
[0.45506181 0.6501935 ]
[0.31287347 0.35067561]
[0.31917246 0.41434479]
[0.48647149 0.44499833]
[0.26979988 0.13420325]
[0.24339403 0.02125708]
[0.72375388 0.18012739]
[0.29279086 0.22362248]
[0.20571291 0.52891209]
[0.97549442 0.53362276]
[0.69496661 0.23952367]
[0.47371667 0.42987334]
[0.70728732 0.76000142]
[0.1296871  0.83980624]
[0.88196027 0.70557411]
[0.49761809 0.94311166]
[0.06678546 0.88822794]
[0.62037035 0.33469323]
[0.75073959 0.53302127]
[0.40591224 0.94408251]
[0.16184071 0.82654743]
[0.63600887 0.36964963]
[0.01961808 0.33045986]
[0.63853417 0.16741148]
[0.29474526 0.33693899]
[0.3926968  0.06158827]
[0.95995053 0.80818158]
[0.09542615 0.55806052]
[0.21059294 0.54617919]
[0.78498461 0.15437412]
[0.35907008 0.8196788 ]
[0.99407849 0.97120831]
[0.8828629  0.52290789]
[0.31842499 0.10389238]
[0.52713363 0.2335104 ]
[0.96773172 0.8031594 ]
[0.49680295 0.45866432]
[0.12564562 0.90806611]
[0.2483297  0.71334651]
[0.67386225 0.86999966]
[0.28694317 0.94222406]
[0.04634012 0.92857325]
[0.60949567 0.40027259]
[0.7776287  0.60198548]
[0.63496625 0.7676138 ]
[0.63375965 0.92039615]
[0.75985127 0.12731354]
[0.85975171 0.49445062]
[0.91147806 0.73726959]
[0.6602343  0.85874233]
[0.57473768 0.42099837]
[0.53312495 0.75644478]
[0.28470614 0.98894116]
[0.67008966 0.95118611]
[0.67453722 0.59793532]
[0.45783294 0.5939381 ]
[0.59810106 0.93830312]
[0.0139661  0.49869956]
[0.72719443 0.65805684]
[0.50430577 0.28648031]
[0.21436142 0.50137222]
[0.97154147 0.3341179 ]
[0.81762304 0.14208645]
[0.04918177 0.67871277]
[0.07952335 0.1559685 ]
[0.34169145 0.38721593]
[0.96414803 0.65021851]
[0.84979489 0.39605166]
[0.37200843 0.59610026]
[0.67405792 0.93004001]
[0.81129946 0.61983591]
[0.30138574 0.53446475]
[0.22131375 0.9728356 ]
[0.60117153 0.95992982]
[0.22665579 0.88675673]
[0.08683043 0.54065622]
[0.35187928 0.06107704]
[0.94359736 0.99278228]
[0.63438009 0.294392  ]
[0.733995   0.13768659]
[0.94026322 0.71814081]
[0.65441818 0.08530928]
[0.31503965 0.70420654]
[0.53527907 0.93063824]
[0.46027094 0.24157788]
[0.86662668 0.65459628]
[0.99042557 0.91229256]
[0.49415395 0.70802157]
[0.87474492 0.87713563]
[0.26629717 0.11746104]
[0.15144894 0.2750708 ]
[0.12771618 0.35304423]
[0.01001181 0.38118086]
[0.97034321 0.79252288]
[0.67782033 0.34376339]
[0.03419814 0.77394513]
[0.82967108 0.50300811]
[0.93275291 0.27539855]
[0.20238393 0.2202442 ]
[0.88384875 0.15892655]
[0.84860709 0.92919593]
[0.71282811 0.85576714]
[0.53734601 0.37513298]
[0.67765754 0.36707162]
[0.97120856 0.87272809]
[0.62541218 0.05142089]
[0.65525032 0.6262217 ]
[0.89117152 0.12339778]
[0.47435538 0.91956034]
[0.68687187 0.2323036 ]
[0.12716548 0.49722461]
[0.38915771 0.27498005]
[0.74092165 0.14015113]
[0.40677538 0.67751716]
[0.90056559 0.46176988]
[0.40030552 0.88057164]
[0.28298555 0.11446642]
[0.69409116 0.3976838 ]
[0.09246398 0.74563185]
[0.68850482 0.76283663]
[0.41340277 0.88562662]
[0.04064662 0.86027604]
[0.71480691 0.61071822]
[0.61547208 0.29631241]
[0.70309127 0.7576811 ]
[0.44653018 0.61020889]
[0.27111433 0.53778748]
[0.41397215 0.43497163]
[0.33022021 0.32167444]
[0.60788042 0.30846342]
[0.58870947 0.73359631]
[0.13638477 0.12525838]
[0.80370221 0.61297928]
[0.86147361 0.09710449]
[0.12990921 0.52726005]
[0.39198556 0.70287521]
[0.25573042 0.05803962]
[0.02308187 0.50049802]
[0.09138462 0.65723477]
[0.84128597 0.62820821]
[0.3862466  0.97086698]
[0.07214082 0.72551201]
[0.12680425 0.79459954]
[0.60931158 0.61067043]
[0.19106823 0.86862033]
[0.45726354 0.66941934]
[0.67696218 0.10313332]
[0.21485402 0.46405728]
[0.29725954 0.09815894]
[0.10185673 0.61159152]
[0.51676048 0.38124989]
[0.3780951 0.3058467]
[0.15645764 0.04714945]
[0.15419664 0.65189091]
[0.66023557 0.90945099]
[0.17282772 0.34626418]
[0.60564935 0.89503178]
[0.04949021 0.29263111]
[0.39239303 0.00615268]
[0.03556739 0.5295771 ]
[0.70481645 0.14794474]
[0.72574235 0.7331071 ]
[0.78303654 0.40754547]
[0.63567275 0.30446563]
[0.63636403 0.5689515 ]
[0.20874884 0.64045065]
[0.12591739 0.80042658]
[0.21109401 0.98860551]
[0.29838473 0.09917723]
[0.52405181 0.41276175]
[0.38439759 0.06188654]
[0.22590286 0.89811971]
[0.56546867 0.12617739]
[0.43208922 0.90494808]
[0.45586255 0.46034386]
[0.89684324 0.42203742]
[0.90061328 0.61839456]
[0.85255306 0.73953913]
[0.57511694 0.56687013]
[0.30256099 0.18961824]
[0.47982609 0.21141094]
[0.88608108 0.77051783]
[0.8165905 0.6770489]
[0.99652438 0.09857353]
[0.29902592 0.31946456]
[0.26753522 0.57582038]
[0.07448993 0.84436287]
[0.52540672 0.88505211]
[0.14298142 0.17869431]
[0.25281117 0.54770706]
[0.05908461 0.90932408]
[0.09059735 0.3781081 ]
[0.89786667 0.86761831]
[0.76831075 0.65423021]
[0.67888973 0.95667425]
[0.05144895 0.81737783]
[0.11001344 0.50147044]
[0.62459233 0.18906412]
[0.28362141 0.49248709]
[0.72442353 0.65281665]
[0.00090157 0.74624436]
[0.90452575 0.37870703]
[0.01002892 0.77329556]
[0.88830588 0.88038143]
[0.90755848 0.74535281]
[0.08622373 0.3070992 ]
[0.87733034 0.29535185]
[0.94299177 0.03857622]
[0.192624   0.18288171]
[0.21859829 0.23272993]
[0.16145391 0.70377668]
[0.14574251 0.14869595]
[0.75811935 0.33022588]
[0.35877788 0.73271383]
[0.75499142 0.30407779]
[0.86419733 0.44790239]
[0.71425512 0.5015629 ]
[0.38241489 0.45731616]
[0.17054387 0.97858188]
[0.56414479 0.60052541]
[0.89638474 0.0177184 ]
[0.34444796 0.03605688]
[0.82462201 0.82675429]
[0.25274586 0.46983447]
[0.9837721  0.37621306]
[0.61832499 0.65530528]
[0.65920575 0.13022912]
[0.65433622 0.16701977]
[0.34980339 0.79430786]
[0.33722192 0.2091036 ]
[0.62702599 0.84942619]
[0.51038692 0.43692723]
[0.34406631 0.88841636]
[0.65009284 0.95194982]
[0.43872593 0.5641258 ]
[0.53342857 0.96278284]
[0.14800176 0.09170257]
[0.31533268 0.31049958]
[0.81532415 0.88402772]
[0.55170188 0.47553213]
[0.74493886 0.1110601 ]
[0.43065134 0.09269531]
[0.85592146 0.21493608]
[0.38711161 0.12491297]
[0.7118771  0.88099086]
[0.14379237 0.28507924]
[0.51561592 0.43744007]
[0.36312584 0.60449613]
[0.21357524 0.2397297 ]
[0.45285387 0.3662495 ]
[0.08206001 0.40401318]
[0.14733067 0.02960307]
[0.93067782 0.51381203]
[0.76086524 0.67587137]
[0.01299117 0.73187426]
[0.26249081 0.50395856]
[0.20433621 0.69004707]
[0.43455105 0.82391246]
[0.86539544 0.68537563]
[0.39679265 0.81627716]
[0.65335341 0.76435478]
[0.41781026 0.93229522]
[0.08556438 0.1505929 ]
[0.67281845 0.33453446]
[0.19193246 0.84324684]
[0.16510857 0.66474917]
[0.57402926 0.47945522]
[0.45132124 0.26325935]
[0.87988609 0.06713144]
[0.50443661 0.45076904]
[0.30652673 0.17454631]
[0.16247101 0.30600184]
[0.47058133 0.87063905]
[0.23903327 0.89235587]
[0.70804187 0.28919155]
[0.48928802 0.98485033]
[0.35526521 0.02926158]
[0.9099585 0.2115333]
[0.2548981  0.47463553]
[0.73186111 0.89610154]
[0.56758418 0.21628697]
[0.08434697 0.91548693]
[0.20687628 0.65671028]
[0.8545857  0.90622492]
[0.69986761 0.62214124]
[0.96842323 0.806767  ]
[0.92825823 0.92531223]
[0.67125442 0.80822016]
[0.38103219 0.16078023]
[0.09799765 0.54293603]
[0.38454074 0.04759268]
[0.27090869 0.38353202]
[0.18370963 0.19184029]
[0.10871577 0.86866185]
[0.96231588 0.88375815]
[0.16051313 0.92508964]
[0.29022188 0.82413483]
[0.62699133 0.79414757]
[0.10148705 0.2986929 ]
[0.23159282 0.83206546]
[0.39879036 0.60287804]
[0.07229756 0.03861256]
[0.86557525 0.52631159]
[0.12039661 0.31192954]
[0.94216074 0.3973729 ]
[0.59777773 0.14213242]
[0.36193696 0.77301782]
[0.12479004 0.21984154]
[0.56785702 0.01899268]
[0.00258189 0.86241422]
[0.79705036 0.75870537]
[0.47511758 0.74281954]
[0.46473507 0.92900139]
[0.63375178 0.82225323]
[0.60335421 0.16262108]
[0.69449012 0.11342844]
[0.25884405 0.50973188]
[0.96786814 0.21093041]
[0.47974283 0.30775483]
[0.04299265 0.21969082]
[0.44002226 0.08228863]
[0.80087094 0.32612261]
[0.14499824 0.96797864]
[0.8778088 0.4869224]
[0.00546755 0.43179515]
[0.70117091 0.39310445]
[0.63556564 0.87019108]
[0.73208792 0.3364577 ]
[0.59586065 0.01238418]
[0.79273698 0.50091428]
[0.98483276 0.52434431]
[0.65544678 0.88012235]
[0.3387186  0.95644062]
[0.87437158 0.94802503]
[0.0527097  0.14607766]
[0.15268881 0.19513745]
[0.09909794 0.98971866]
[0.14975835 0.56574613]
[0.43203435 0.54213597]
[0.50698492 0.00978567]
[0.68973711 0.63145813]
[0.33213965 0.85418799]
[0.75114491 0.45088684]
[0.34836336 0.95146327]
[0.02114278 0.06849022]
[0.44014045 0.16141826]
[0.86149616 0.45631141]
[0.51800204 0.15805148]
[0.56115866 0.13737739]
[0.59101701 0.75917273]
[0.24262606 0.02162514]
[0.29874308 0.70895846]
[0.89790832 0.67271394]
[0.92107594 0.94102397]
[0.67040336 0.99209882]
[0.90458273 0.94771919]
[0.04324495 0.99652505]
[0.94269083 0.89003697]
[0.73505221 0.29177855]
[0.58239802 0.02887923]
[0.15032046 0.09496312]
[0.32796892 0.99246976]
[0.42000608 0.79424269]
[0.69907619 0.58211396]
[0.52422891 0.94047364]
[0.35433494 0.0536548 ]
[0.97537466 0.65374949]
[0.17600016 0.95644098]
[0.93572209 0.26309242]
[0.59591733 0.44556764]
[0.69555913 0.75441485]
[0.35595517 0.44834441]
[0.70661406 0.4478537 ]
[0.41711226 0.54182825]
[0.07025323 0.85202609]
[0.87815401 0.89272819]
[0.07948269 0.87767842]
[0.14111244 0.45007519]
[0.52562683 0.79785787]
[0.86993319 0.57319209]
[0.00894194 0.32807204]
[0.11393728 0.97638962]
[0.59861803 0.68902781]
[0.21850129 0.99038914]
[0.43008036 0.39659098]
[0.23437967 0.05488378]
[0.10587033 0.48240112]
[0.90030638 0.43679694]
[0.13604487 0.58705135]
[0.50915257 0.64838008]
[0.80429875 0.99759677]
[0.57355822 0.10373728]
[0.38970405 0.23265716]
[0.47935079 0.79146117]
[0.36714854 0.61787705]
[0.23900078 0.53934776]
[0.82215856 0.84061393]
[0.77060925 0.99383872]
[0.35497744 0.54786273]
[0.1151864  0.26937376]
[0.70271159 0.39810082]
[0.30043131 0.83135484]
[0.09313789 0.24712874]
[0.28699748 0.97143107]
[0.60192391 0.05657963]
[0.21455929 0.82820685]
[0.77239596 0.008359  ]
[0.99862735 0.59254146]
[0.15123847 0.42442043]
[0.17800097 0.11945669]
[0.53354538 0.36150423]
[0.47158334 0.21638544]
[0.10863299 0.00259535]
[0.36266198 0.37315648]
[0.22917058 0.51998961]
[0.19809128 0.83478981]
[0.84732231 0.48065252]
[0.60091073 0.45282016]
[0.19096708 0.70580711]
[0.70268036 0.88835921]
[0.48062263 0.77033587]
[0.41159129 0.68492034]
[0.71905637 0.15119685]
[0.1263166  0.81033657]
[0.32101969 0.63727025]
[0.10098156 0.71301424]
[0.29464909 0.82231292]
[0.31051376 0.18817896]
[0.64678713 0.6966459 ]
[0.09137446 0.47695743]
[0.19162377 0.15510544]
[0.2988668  0.71726096]
[0.72014127 0.19803453]
[0.79684157 0.07361794]
[0.63801466 0.99959586]
[0.61622134 0.18091791]
[0.82376439 0.21955976]
[0.59733873 0.14320994]
[0.18887684 0.92270589]
[0.85359689 0.69459832]
[0.70847477 0.42257627]
[0.57197167 0.12358527]
[0.16429034 0.51942571]
[0.7026728 0.1925599]
[0.58002795 0.0874564 ]
[0.39424116 0.44062343]
[0.72707677 0.35951602]
[0.18913811 0.15041047]
[0.37748159 0.51119618]
[0.31223237 0.33790229]
[0.65871198 0.56972173]
[0.93439067 0.33099807]
[0.8602691  0.07289606]
[0.76102042 0.44538311]
[0.49158778 0.54292091]
[0.20689852 0.57205035]
[0.43353479 0.62570155]
[0.46592991 0.72949553]
[0.36403564 0.68529662]
[0.1177325  0.40883471]
[0.74914598 0.78287177]
[0.3743533  0.80031345]
[0.50774346 0.20191013]
[0.7955333  0.02954106]
[0.3528903  0.29986926]
[0.92030404 0.53094193]
[0.60809368 0.92029149]
[0.32962247 0.03658829]
[0.46883324 0.48979375]
[0.703499   0.06874738]
[0.01865293 0.88803637]
[0.40465586 0.24703837]
[0.81539045 0.63532807]
[0.97806747 0.43078834]
[0.34745736 0.93397003]
[0.23093554 0.1915611 ]
[0.66743118 0.1904515 ]
[0.9685534  0.86714294]
[0.77462451 0.44672317]
[0.75173185 0.91154988]
[0.3742429  0.81064935]
[0.64574273 0.90866968]
[0.05519866 0.6796597 ]
[0.27350111 0.89332221]
[0.80927725 0.08138858]
[0.11592254 0.86382884]
[0.73155475 0.5501606 ]
[0.75047531 0.23289751]
[0.63971313 0.67118201]
[0.587831   0.37413103]
[0.04425002 0.41212557]
[0.77010673 0.63406121]
[0.93456857 0.82404543]
[0.95647228 0.51044345]
[0.60621461 0.80997255]
[0.92469329 0.61952826]
[0.75149358 0.02989014]
[0.3949694  0.78896698]
[0.17861014 0.21093034]
[0.53100344 0.32953807]
[0.79950298 0.61488609]
[0.92278921 0.53671928]
[0.40510361 0.53138086]
[0.14660591 0.50166235]
[0.95778791 0.44120408]
[0.8728219 0.090623 ]
[0.94878632 0.11116894]
[0.16398906 0.06239755]
[0.04152408 0.98362825]
[0.38746517 0.19286035]
[0.76143762 0.07951673]
[0.62500088 0.8534606 ]
[0.4014015  0.39206254]
[0.19195352 0.36327895]
[0.77930813 0.33749515]
[0.62701095 0.24897903]
[0.87939731 0.73716614]
[0.51105848 0.08961064]
[0.77162088 0.12733075]
[0.92665604 0.15010804]
[0.82600701 0.11313173]
[0.65197498 0.67762981]
[0.68399116 0.60276436]
[0.7757292  0.42958181]
[0.29076711 0.31892514]
[0.11482368 0.26393672]
[0.69063421 0.17768296]
[0.12101485 0.41491935]
[0.97133296 0.67511879]
[0.71101983 0.29177919]
[0.04765834 0.30256692]
[0.05516544 0.83821141]
[0.02257156 0.6635233 ]
[0.5294282  0.11596074]
[0.63308594 0.11220509]
[0.23704651 0.00432835]
[0.41783694 0.85796385]
[0.4694634  0.89242239]
[0.18990637 0.15968458]
[0.30772804 0.8249782 ]
[0.67869837 0.15287538]
[0.79955938 0.32348434]
[0.08636668 0.11120423]
[0.22571553 0.72360334]
[0.95428993 0.21836174]
[0.49011521 0.17537779]
[0.91957065 0.16333858]
[0.79283786 0.53662008]
[0.47716298 0.88799835]
[0.22694018 0.01861983]
[0.69569167 0.32985863]
[0.11091989 0.06740462]
[0.09806244 0.35728303]
[0.85511131 0.42777702]
[0.67709147 0.50563539]
[0.98603336 0.45336225]
[0.1057218  0.49775767]
[0.67554514 0.87071876]
[0.65275551 0.48381229]
[0.52639473 0.92555033]
[0.44798663 0.82810197]
[0.76432835 0.71826901]
[0.79002126 0.99926855]
[0.71117687 0.47982179]
[0.09436679 0.82964244]
[0.23366123 0.23580099]
[0.60472724 0.50330403]
[0.07969903 0.97913774]
[0.05957884 0.54813438]
[0.78636286 0.41193464]
[0.63558698 0.179718  ]
[0.1218138  0.70535014]
[0.21894922 0.07820274]
[0.81850729 0.77821688]
[0.16484387 0.1041437 ]
[0.81735751 0.08694928]
[0.60853293 0.81664179]
[0.6230197  0.57913366]
[0.13104019 0.15473683]
[0.43206539 0.37238246]
[0.69699555 0.14120531]
[0.47335793 0.59929958]
[0.5956986  0.09046282]
[0.09473767 0.3483693 ]
[0.11914693 0.69986301]
[0.4127609  0.41501343]
[0.84095089 0.00546497]
[0.93436593 0.27752022]
[0.30941368 0.00713353]
[0.88894458 0.03154213]
[0.85074114 0.98761497]
[0.11043983 0.79334399]
[0.33844874 0.27368858]
[0.66767572 0.4533327 ]
[0.09605531 0.16785058]
[0.47320151 0.75748734]
[0.42278535 0.79795725]
[0.97665031 0.65391713]
[0.29872366 0.630023  ]
[0.75220286 0.76280172]
[0.01950499 0.23891528]
[0.92084316 0.03685528]
[0.54469788 0.14108597]
[0.08893321 0.28863666]
[0.37859755 0.49253822]
[0.78148117 0.3142294 ]
[0.62714101 0.63001359]
[0.568615   0.28559444]
[0.99000912 0.53481066]
[0.2597862  0.90434881]
[0.4925071  0.94584996]
[0.33217637 0.45149528]
[0.97903054 0.47535666]
[0.54564798 0.16571885]
[0.27926816 0.4435213 ]
[0.77424359 0.97013724]
[0.89472322 0.15955056]
[0.88118124 0.67876695]
[0.74623374 0.27951689]
[0.68530715 0.14667576]
[0.51273741 0.68769636]
[0.92516224 0.3028875 ]
[0.04748324 0.66148124]
[0.50397445 0.36774619]
[0.08549316 0.89436545]
[0.66724704 0.26626836]
[0.87137414 0.82322159]
[0.16486684 0.02837323]
[0.98470861 0.93570798]
[0.35014226 0.36053133]
[0.02171785 0.07510696]
[0.81151182 0.28175161]
[0.09437281 0.67409112]
[0.53076414 0.91640937]
[0.46177229 0.1843211 ]
[0.74143723 0.53030521]
[0.39520897 0.35483855]
[0.53967522 0.38983507]
[0.56953499 0.38730419]
[0.03342606 0.69436201]
[0.29521631 0.85582361]
[0.90894251 0.23583632]
[0.19213425 0.10503107]
[0.11086948 0.40433271]
[0.15976802 0.86403011]
[0.90748145 0.84760385]
[0.38861859 0.68077281]
[0.8146899  0.53827195]
[0.23151776 0.53512679]
[0.65473931 0.09323398]
[0.71514904 0.24468452]
[0.00912727 0.82196245]
[0.36951983 0.72630978]
[0.7258047  0.79473055]
[0.11010158 0.54347558]
[0.97093178 0.80292348]
[0.95286036 0.49649279]
[0.38818148 0.66350695]
[0.27143454 0.56232337]
[0.55789486 0.10605424]
[0.9082592 0.1791597]
[0.91238401 0.60153355]
[0.9961943  0.84794923]
[0.13852775 0.51188059]
[0.0325111  0.26240612]
[0.35714105 0.6458817 ]
[0.56539935 0.8975447 ]
[0.61354229 0.02609489]
[0.38637362 0.174195  ]
[0.61981562 0.36096661]
[0.75136614 0.33368914]
[0.43313098 0.18150003]
[0.83694238 0.22932817]
[0.16474403 0.21430935]
[0.21313941 0.90981989]
[0.8946482  0.02509449]
[0.73100179 0.94555378]
[0.12379152 0.85871243]
[0.68507327 0.15869384]
[0.13749555 0.68553493]
[0.5480744  0.13138141]
[0.43740644 0.56353685]
[0.41538465 0.32261321]
[0.6352007  0.75262807]
[0.62699056 0.10344072]
[0.33280856 0.37624802]
[0.8050189  0.79494104]
[0.4644727  0.89075441]
[0.3311822 0.3882274]
[0.67796975 0.00177694]
[0.0148286  0.27461476]
[0.02399843 0.4615938 ]
[0.26945423 0.94976199]
[0.10662082 0.41588895]
[0.12543274 0.80503768]
[0.23904867 0.13712923]
[0.49712627 0.47249445]
[0.60904548 0.1379724 ]
[0.23887972 0.3104582 ]
[0.20975056 0.11540293]
[0.29078054 0.29579562]
[0.58883554 0.27609059]
[0.7313311  0.26639652]
[0.06989033 0.6815042 ]
[0.75572716 0.30548058]
[0.96194853 0.79521452]
[0.81732253 0.92275301]
[0.31406309 0.11217804]
[0.54227381 0.27568994]
[0.47078762 0.82234407]
[0.90682302 0.23830912]
[0.70754561 0.01994366]
[0.68228929 0.45018678]
[0.17121052 0.42726764]
[0.57540195 0.29583208]
[0.6481135  0.59648712]
[0.59928295 0.22614677]
[0.84529406 0.7690864 ]
[0.32823647 0.4674204 ]
[0.93462915 0.79888749]
[0.87983172 0.19155017]
[0.51132039 0.53845905]
[0.34877966 0.53010596]
[0.93928479 0.36566874]
[0.56088453 0.94644127]
[0.10222159 0.84807662]
[0.78209749 0.25833797]
[0.97824966 0.98934005]
[0.57407583 0.94363132]
[0.94662431 0.20003102]
[0.95451887 0.95025522]
[0.35279413 0.30654557]
[0.12611493 0.14054427]
[0.89157559 0.31173317]
[0.65619216 0.25875175]
[0.81022495 0.65618438]
[0.3697875  0.98822585]
[0.02685724 0.09252896]
[0.19330261 0.89131346]
[0.87366515 0.45361264]
[0.80939466 0.56856923]
[0.76652849 0.64393238]
[0.04872961 0.79795285]
[0.61752162 0.61484831]
[0.10243054 0.30957005]
[0.32986052 0.60494621]
[0.85498166 0.83079708]
[0.81981885 0.97275325]
[0.26570465 0.55928074]
[0.66526979 0.96530552]
[0.59112231 0.31581928]
[0.44668905 0.67741769]
[0.40920486 0.27537372]
[0.42956198 0.56923466]
[0.39663888 0.10792561]
[0.97625796 0.39179707]
[0.96337241 0.46452881]
[0.7866676  0.89021064]
[0.22346019 0.99562365]
[0.69374245 0.50348051]
[0.73014551 0.14130728]
[0.86347651 0.56505265]
[0.9648752  0.77745804]
[0.37920617 0.63993394]
[0.57119004 0.71981856]
[0.60367616 0.63280124]
[0.69563691 0.30697224]
[0.90197007 0.41386883]
[0.43589989 0.63526778]
[0.71484985 0.37297593]
[0.12020681 0.08193859]
[0.78006044 0.41406187]
[0.86459722 0.55652731]
[0.25870931 0.83100329]
[0.64874765 0.12621042]
[0.64569632 0.97090708]
[0.05214333 0.97701961]
[0.22345739 0.34498099]
[0.218526  0.9844962]
[0.13061612 0.77397664]
[0.10464259 0.87063036]
[0.09289073 0.43105151]
[0.67210626 0.05794764]
[0.36411228 0.14547643]
[0.31575922 0.3070918 ]
[0.71125363 0.62663576]
[0.34441303 0.70860893]
[0.11211294 0.31953768]
[0.25110672 0.86284076]
[0.60740864 0.97322225]
[0.01501418 0.27888285]
[0.49816711 0.00527973]
[0.78333131 0.85009494]
[0.24094272 0.05484772]
[0.35024561 0.53355251]
[0.84491064 0.01922772]
[0.92015483 0.54551334]
[0.61172581 0.29021214]
[0.02902294 0.13329573]
[0.82493928 0.88374527]
[0.01584315 0.86512426]
[0.65533718 0.64651891]
[0.81715291 0.91376302]
[0.15138788 0.50434959]
[0.30498205 0.82986768]
[0.66642993 0.89445799]
[0.40894953 0.47503594]
[0.87093815 0.83819352]
[0.38980057 0.05879106]
[0.04252315 0.76679721]
[0.94712677 0.22971599]
[0.94663496 0.41805199]
[0.77843279 0.94003549]
[0.5246909  0.87272395]
[0.30173052 0.86511305]
[0.77982429 0.82661423]
[0.82249091 0.58955609]
[0.16258501 0.96835235]
[0.53302968 0.00519141]
[0.00636692 0.2910789 ]
[0.86837074 0.60745847]
[0.36091851 0.55604582]
[0.92385678 0.15397033]
[0.06321416 0.08950735]
[0.38823062 0.54399128]
[0.26550553 0.82839874]
[0.22071359 0.25917162]
[0.51617894 0.02879586]
[0.30471563 0.80751244]
[0.52314794 0.75907427]
[0.72350466 0.04386583]
[0.05036431 0.0249535 ]
[0.50800587 0.59452375]
[0.99739648 0.87233638]
[0.12086285 0.39993737]
[0.3196962  0.46812278]
[0.11009929 0.59169695]
[0.34659502 0.45972972]
[0.48694217 0.55914505]
[0.06731706 0.31665788]
[0.32853435 0.8979536 ]
[0.38368353 0.60117161]
[0.91948127 0.58382377]
[0.45599975 0.85604196]
[0.55872458 0.16243414]
[0.47299099 0.04662231]
[0.71530281 0.46047034]
[0.01786065 0.51429249]
[0.81422072 0.19596825]
[0.99930286 0.9596578 ]
[0.09532106 0.92657396]
[0.95270409 0.91146349]
[0.93081128 0.25957638]
[0.7853801 0.0665627]
[0.04823344 0.32666904]
[0.06091941 0.55241274]
[0.42028034 0.46182766]
[0.48180685 0.76754358]
[0.6512524  0.81202853]
[0.79927371 0.03445724]
[0.35716815 0.750062  ]
[0.24042464 0.50818517]
[0.62528112 0.2365222 ]
[0.24029917 0.66456556]
[0.63668087 0.81573816]
[0.78222455 0.69352653]
[0.69869713 0.17695839]
[0.54778283 0.07083602]
[0.53540997 0.87100199]
[0.85338846 0.2953876 ]
[0.93702512 0.3831029 ]
[0.25039078 0.38713281]
[0.85558925 0.26983185]
[0.2006558  0.27760436]
[0.15553951 0.38673523]
[0.43983953 0.94646229]
[0.20917937 0.79098594]
[0.15809663 0.18931785]
[0.29943878 0.86740911]
[0.1338238  0.14107557]
[0.18650109 0.25003027]
[0.59217223 0.17783046]
[0.48926366 0.3031897 ]
[0.38758082 0.43286217]
[0.39773462 0.81977427]
[0.05512947 0.58729101]
[0.74607995 0.41167522]
[0.5739887  0.87830202]
[0.78394171 0.94492402]
[0.25622782 0.14925642]
[0.76149152 0.63954321]
[0.04093883 0.6992293 ]
[0.61319638 0.31592397]
[0.43249647 0.88863388]
[0.17595177 0.96357675]
[0.23958589 0.49728109]
[0.90309981 0.58540315]
[0.65959185 0.05288278]
[0.04135572 0.15942659]
[0.16480868 0.00137454]
[0.70085935 0.49918061]
[0.1238279  0.95076704]
[0.54672069 0.65195895]
[0.57593779 0.2882236 ]
[0.6733398  0.59003014]
[0.17083975 0.04313312]
[0.56960032 0.31744116]
[0.02140494 0.80711646]
[0.36354363 0.91942027]
[0.69415632 0.30097474]
[0.16529359 0.77343769]
[0.25225321 0.01035025]
[0.8515122  0.52125497]
[0.85324027 0.34986129]
[0.89103344 0.01957893]
[0.95265284 0.92559943]
[0.49101023 0.31143678]
[0.60911328 0.32112625]
[0.25641618 0.73025225]
[0.65473729 0.10662044]
[0.99294714 0.63391881]
[0.42380042 0.46513926]
[0.7942676  0.82460829]
[0.60749562 0.69836592]
[0.54818604 0.0252528 ]
[0.09569664 0.60245697]
[0.11929927 0.6064843 ]
[0.72497459 0.13699439]
[0.07224476 0.45059927]
[0.47605832 0.05093697]
[0.24594949 0.06168679]
[0.97417478 0.3461146 ]
[0.1161629  0.76117628]
[0.29897651 0.83573381]
[0.70130598 0.49081772]
[0.74888847 0.87770611]
[0.43894258 0.87325046]
[0.81852378 0.92135436]
[0.53929766 0.14084357]
[0.59427626 0.29238534]
[0.82586811 0.7164786 ]
[0.13029934 0.76213826]
[0.11022589 0.78212483]
[0.40131759 0.22405254]
[0.89872676 0.35222515]
[0.19475915 0.52098123]
[0.46579598 0.53581384]
[0.3020335  0.46119093]
[0.27067549 0.86543194]
[0.70956517 0.18465655]
[0.86516411 0.3708618 ]
[0.29924696 0.46812427]
[0.93021629 0.31089983]
[0.51037164 0.79331662]
[0.63685309 0.48795638]
[0.3598328  0.13149765]
[0.3377579  0.31939073]
[0.79313644 0.88577463]
[0.96135316 0.69642493]
[0.00817687 0.77353546]
[0.93250073 0.5172328 ]
[0.0865569  0.51961268]
[0.69172544 0.51193703]
[0.02352607 0.16410092]
[0.35859403 0.36827138]
[0.72603173 0.66617756]
[0.15326045 0.94633568]
[0.31185923 0.68314165]
[0.10745301 0.33678217]
[0.40054567 0.19845334]
[0.02185564 0.83661309]
[0.84984414 0.58271887]
[0.10104568 0.59067174]
[0.08500499 0.01082509]
[0.50697339 0.72944615]
[0.79643743 0.51839147]
[0.14244025 0.84313197]
[0.74745198 0.53007193]
[0.54292676 0.00654958]
[0.25211486 0.03039511]
[0.18755696 0.95319609]
[0.30789717 0.84455947]
[0.81593112 0.57804873]
[0.04886542 0.18019789]
[0.78456338 0.6585442 ]
[0.59754897 0.76566569]
[0.02306917 0.92995442]
[0.98156154 0.75939125]
[0.50904166 0.98786926]
[0.98134111 0.60618744]
[0.14884054 0.71167539]
[0.7908071  0.79317163]
[0.35967855 0.58145652]
[0.70190964 0.27187211]
[0.18344578 0.62099834]
[0.05719815 0.6052377 ]
[0.38688735 0.87164685]
[0.70249191 0.22956978]
[0.15565512 0.44026673]
[0.20997769 0.84141598]
[0.78411245 0.03541206]
[0.67975862 0.24589516]
[0.64115973 0.60274018]
[0.04139305 0.31911648]
[0.01132211 0.18904116]
[0.04747602 0.92830558]
[0.61895232 0.88798881]
[0.39894576 0.97784742]
[0.38813874 0.16295389]
[0.22451885 0.79389739]
[0.4593745  0.51059516]
[0.40876663 0.53595913]
[0.82815724 0.37705789]
[0.98801062 0.74721419]
[0.82257524 0.32636558]
[0.23001227 0.05310834]
[0.61370325 0.37906818]
[0.59486282 0.32639777]
[0.88607067 0.16062847]
[0.82847662 0.28760821]
[0.84753979 0.89992604]
[0.26432912 0.29124601]
[0.98705027 0.79780359]
[0.31730643 0.20887156]
[0.13424191 0.25598858]
[0.20897066 0.39757452]
[0.68280979 0.29686609]
[0.24206606 0.19319583]
[0.07558308 0.36270902]
[0.57431392 0.65485279]
[0.47960557 0.83177818]
[0.84307941 0.35065565]
[0.74719365 0.54657363]
[0.12015797 0.82587385]
[0.21106163 0.96577269]
[0.82511418 0.6859439 ]
[0.48517343 0.54843181]
[0.35340205 0.57376238]
[0.75821068 0.54004845]
[0.26602532 0.88417379]
[0.90946068 0.78180433]
[0.15246636 0.10914935]
[0.43404074 0.17365707]
[0.45000898 0.55770446]
[0.40432863 0.32674275]
[0.82422109 0.45989284]
[0.1865841  0.04657777]
[0.47974319 0.24545116]
[0.99250119 0.76224354]
[0.65613904 0.8341293 ]
[0.07574413 0.21207544]
[0.2329708  0.40695649]
[0.71594008 0.87164576]
[0.54605259 0.41578687]
[0.14945852 0.04360017]
[0.89630227 0.04099583]
[0.95170858 0.83689066]
[0.30057761 0.36917305]
[0.5572553  0.54892307]
[0.68866141 0.95155849]
[0.08343323 0.07062966]
[0.23028713 0.44115866]
[0.24037897 0.98791692]
[0.54679514 0.08196921]
[0.92662073 0.32111104]
[0.20210644 0.57227208]
[0.60815815 0.8417226 ]
[0.85209622 0.18139325]
[0.64766804 0.22110145]
[0.98495865 0.42652727]
[0.1303157  0.61060947]
[0.45416063 0.18505066]
[0.95257188 0.58817937]
[0.91199426 0.59031421]
[0.02981378 0.64676368]
[0.05051593 0.86193941]
[0.55633648 0.1396786 ]
