0.794949 0.681901 1
-0.933001 0.444886 1
0.473716 0.795312 1
-0.0337124 0.212855 2
1.34921 -0.518919 2
-0.981002 0.289869 1
1.04198 -0.493511 2
0.00166342 0.395564 2
0.618761 -0.546584 2
1.89885 0.0305876 2
-0.262221 0.980831 1
0.319872 0.875201 1
0.602579 0.849512 1
1.99688 0.280691 2
0.728837 -0.476466 2
0.242833 0.0956987 2
0.469159 0.838552 1
-0.637339 0.675178 1
0.865919 0.430965 1
-0.940935 0.429843 1
0.40359 0.867484 1
-0.898401 0.405832 1
0.122262 0.962325 1
0.862347 0.614456 1
0.974918 0.21772 1
0.54504 0.870488 1
0.532994 -0.331663 2
1.01099 0.344933 1
0.633902 -0.437906 2
1.82756 -0.0561268 2
-0.948738 0.394672 1
1.00302 0.147955 1
-0.409362 0.975043 1
-0.544986 0.780128 1
1.88348 0.170329 2
1.99707 0.122881 2
-0.886293 0.573254 1
0.963428 0.120743 1
-1.0008 0.283161 1
-0.511483 0.82416 1
0.637239 -0.371357 2
0.380412 -0.269298 2
0.720201 -0.463895 2
0.900605 -0.498784 2
1.4279 -0.446452 2
0.319328 0.953084 1
-0.795035 0.592573 1
-0.225975 0.989902 1
1.78497 -0.216246 2
0.0763294 0.352506 2
0.503078 0.839723 1
0.387504 -0.361159 2
0.00345363 0.166092 2
-0.934896 0.173099 1
0.670917 -0.412472 2
0.961457 0.339661 1
-0.0698899 0.284757 2
0.119771 -0.126869 2
-0.93266 -0.028768 1
0.315244 1.0069 1
0.622473 -0.48062 2
0.309514 0.911881 1
0.50726 -0.376055 2
0.891035 0.544862 1
1.27162 -0.414295 2
0.997135 -0.541502 2
0.173934 -0.161855 2
-1.02673 0.114586 1
1.89905 -0.0102526 2
-0.149338 1.02587 1
0.116316 0.951944 1
0.604965 0.702754 1
1.02212 0.158435 1
-0.939741 0.222609 1
-1.099 0.0296016 1
0.0495893 0.248214 2
0.21232 0.949396 1
0.888677 -0.59131 2
0.161315 0.196394 2
0.129173 -0.0607425 2
1.98106 0.347539 2
0.0356397 0.172908 2
0.234205 -0.227897 2
0.849674 0.44551 1
-1.0356 0.131615 1
0.0842394 1.00688 1
1.1467 -0.473846 2
0.983743 0.161635 1
1.40868 -0.451359 2
1.48141 -0.322628 2
1.96677 0.048342 2
1.00701 0.110437 1
-0.685806 0.664688 1
0.981367 -0.506518 2
-0.85152 0.478369 1
0.198824 -0.172815 2
0.968897 0.281203 1
0.932705 0.426842 1
0.90649 0.430896 1
1.96189 0.22559 2
0.563604 -0.358682 2
0.999312 0.201395 1
1.0496 -0.445715 2
0.530044 0.816193 1
-0.824484 0.534253 1
-0.119009 1.05389 1
-0.163208 0.955245 1
0.718606 0.837272 1
1.75892 -0.202838 2
0.0819953 -0.00745675 2
0.386446 -0.250418 2
0.0468908 0.197564 2
-0.658634 0.75459 1
0.0775219 0.0812705 2
0.187551 -0.0719622 2
0.301782 0.972531 1
-0.0561837 1.03754 1
2.03459 0.17949 2
-0.178217 0.975884 1
0.0404645 0.381967 2
0.280868 -0.172453 2
0.759967 0.65301 1
0.353753 -0.240626 2
0.911442 0.358975 1
1.13121 -0.530245 2
0.426909 0.938343 1
0.387781 0.874019 1
-0.946396 0.366228 1
0.980805 0.408097 1
0.181879 -0.177813 2
0.800298 0.506003 1
0.823589 0.584565 1
0.43356 0.931047 1
-0.409366 0.901111 1
1.99652 0.132515 2
-0.0139096 0.450817 2
1.5666 -0.321581 2
-0.68411 0.68537 1
2.05298 0.343518 2
0.920118 0.314001 1
-0.393093 0.961317 1
0.328333 0.973726 1
1.55155 -0.335258 2
0.0535137 0.564722 2
1.13403 -0.582786 2
0.186743 1.04112 1
1.0054 0.311143 1
-0.961198 0.0186556 1
0.300129 0.880752 1
-0.970741 0.21111 1
-0.855939 0.455675 1
0.44742 -0.298661 2
-1.01013 -0.0567963 1
0.0839956 0.997476 1
0.102812 1.03778 1
-0.581654 0.683507 1
1.85412 -0.0485627 2
-1.01326 0.0744476 1
0.486034 -0.391844 2
2.01657 0.330819 2
0.966151 0.417687 1
0.792167 0.731307 1
-0.00378944 0.399392 2
-0.928227 0.145049 1
1.01464 -0.548399 2
0.331926 0.843872 1
-0.975369 0.0958032 1
-0.800097 0.617735 1
1.38015 -0.354447 2
0.0782402 0.109687 2
-0.685195 0.705398 1
0.835777 0.290336 1
1.4361 -0.243689 2
1.04691 -0.00880808 1
1.92611 0.200676 2
0.676415 0.795731 1
0.707502 -0.423693 2
-0.950718 0.393081 1
-1.053 0.0416017 1
0.981122 -0.524699 2
1.01356 -0.561025 2
1.53504 -0.46251 2
1.99174 0.283404 2
-0.880923 0.313939 1
1.26889 -0.475904 2
0.888489 0.670564 1
-1.04223 0.244132 1
-0.605604 0.77669 1
1.00275 -0.516477 2
1.97762 0.500629 2
1.54167 -0.359178 2
0.356545 -0.231348 2
0.917186 0.428306 1
0.383188 0.849806 1
0.468667 -0.426011 2
1.74194 -0.182594 2
-0.544545 0.922365 1
-0.226215 1.02639 1
0.0437802 0.127811 2
0.649752 0.764234 1
-0.705329 0.739188 1
1.48026 -0.377195 2
0.870604 0.500282 1
0.554202 0.808832 1
1.68843 -0.201463 2
2.04083 0.519974 2
1.55742 -0.318305 2
-0.877634 0.552975 1
0.013322 0.144972 2
1.45264 -0.375476 2
0.947064 0.358749 1
0.141 0.978124 1
1.87301 0.036782 2
0.856666 0.487418 1
-0.732522 0.601702 1
1.87558 -0.0260392 2
0.164643 0.0490261 2
0.136922 0.0723956 2
0.249348 -0.026709 2
1.80462 -0.140638 2
-0.510199 0.821926 1
-0.687653 0.724702 1
0.929844 0.335113 1
0.568707 0.846478 1
1.60122 -0.379569 2
0.079641 0.478703 2
0.380938 1.07939 1
0.687274 -0.372902 2
0.680683 0.738409 1
2.02598 0.474294 2
-0.829174 0.601988 1
0.633939 0.850842 1
1.99484 0.316516 2
0.910012 -0.517814 2
1.78534 -0.0820971 2
1.85085 0.109584 2
1.9789 0.155605 2
1.04926 -0.538483 2
0.638638 0.690958 1
1.48247 -0.401896 2
1.26026 -0.465359 2
-0.933453 0.0325435 1
0.851082 -0.44729 2
-0.779521 0.484738 1
1.01818 0.269668 1
-0.716596 0.702886 1
0.465152 -0.330057 2
0.0596421 0.0817139 2
-0.938049 0.232556 1
1.90971 0.0269848 2
0.297872 0.9761 1
1.97099 0.547949 2
0.338411 0.935474 1
-0.373878 0.842857 1
1.09563 -0.501349 2
0.72623 0.681937 1
-0.950626 0.304924 1
0.970075 0.0651859 1
0.283313 -0.276674 2
0.995134 0.431534 1
0.386201 -0.269275 2
0.0689275 0.0696647 2
0.581835 0.825822 1
0.331904 0.98056 1
0.264176 1.00148 1
0.892878 0.614073 1
0.95185 0.263685 1
1.05383 0.0356001 1
0.149421 0.942559 1
1.248 -0.514331 2
0.597782 -0.413329 2
2.05187 0.557961 2
0.637821 -0.425534 2
1.55807 -0.30824 2
0.0652019 1.07371 1
1.92425 0.261307 2
-0.942042 0.525967 1
0.187729 0.954375 1
1.86934 0.161439 2
0.721729 -0.501427 2
0.675394 -0.442076 2
0.778865 0.585117 1
0.194477 1.07975 1
1.82554 -0.106748 2
-0.74088 0.566757 1
1.23928 -0.512568 2
-0.917509 0.339537 1
0.0883178 0.0138079 2
0.493051 0.848166 1
0.452462 -0.254561 2
-0.747496 0.652954 1
1.88911 0.0724044 2
0.590049 0.876337 1
0.28847 -0.086485 2
-0.872325 0.549461 1
-0.730019 0.750282 1
1.94079 0.49227 2
0.760407 -0.552627 2
1.46813 -0.432109 2
-0.515047 0.921175 1
1.97698 0.277984 2
0.904634 0.487681 1
0.413073 0.929136 1
0.882897 0.443291 1
-0.311629 0.984594 1
1.98176 0.319364 2
-0.701398 0.716668 1
1.8867 0.105536 2
-0.748199 0.660185 1
1.52801 -0.372294 2
-0.0197116 0.478995 2
0.778666 0.564202 1
-0.424432 0.963719 1
1.65979 -0.277363 2
0.545111 0.835951 1
0.994439 0.276736 1
0.74654 0.684547 1
0.0108876 0.464983 2
0.84777 0.38464 1
0.174155 -0.0120875 2
0.344857 -0.234373 2
0.254197 -0.154128 2
-0.295397 0.913679 1
0.884869 -0.573179 2
0.519754 0.855501 1
0.261492 -0.188174 2
1.03038 0.163405 1
0.907919 -0.458765 2
-0.484892 0.913132 1
0.143133 -0.0989388 2
0.63856 0.859785 1
0.986631 0.0974161 1
0.187808 1.01188 1
0.829894 0.510281 1
1.73489 -0.126016 2
0.897064 0.377039 1
0.829919 0.591445 1
0.395521 -0.31139 2
-0.774987 0.665032 1
0.918982 0.468632 1
1.40139 -0.527623 2
0.993033 0.135731 1
1.76899 -0.275022 2
0.740881 0.468315 1
0.676945 -0.413348 2
1.37243 -0.527927 2
-0.00677132 1.00941 1
0.275084 -0.242189 2
0.0932221 0.147946 2
-0.265083 0.908616 1
-0.923829 0.479207 1
0.0413361 0.287404 2
0.639424 0.827389 1
0.175534 0.0116583 2
-0.878286 0.459469 1
1.3969 -0.420309 2
0.711079 0.704657 1
-0.901885 0.294334 1
1.48755 -0.511753 2
1.2449 -0.519638 2
1.10979 -0.528319 2
1.83288 0.108866 2
0.778168 0.650571 1
0.232601 -0.104718 2
-0.242287 0.928602 1
-0.58344 0.757193 1
-0.122529 0.96832 1
-0.0278973 1.06218 1
0.869098 0.511068 1
0.613011 0.792379 1
0.702147 0.59673 1
1.61907 -0.268356 2
0.00447569 0.229798 2
0.389514 -0.363984 2
0.960935 0.221705 1
-0.447082 0.850792 1
0.3542 -0.243623 2
0.142093 0.930115 1
-0.464954 0.927861 1
1.62618 -0.0746654 2
1.36425 -0.392042 2
0.920888 0.374438 1
0.536848 0.896748 1
1.61011 -0.195371 2
1.73933 -0.212 2
-0.783961 0.551597 1
2.06957 0.203862 2
-0.867928 0.379817 1
0.161 0.0772091 2
-0.533251 0.762996 1
1.33279 -0.507927 2
0.519723 -0.436003 2
0.0942723 0.140202 2
0.932198 -0.460651 2
-0.174203 1.08649 1
1.64607 -0.354967 2
-0.802567 0.566392 1
-0.459917 0.907384 1
1.28076 -0.37576 2
0.772609 -0.559104 2
-0.732202 0.693818 1
-0.0734585 0.332497 2
0.0669631 0.122499 2
-1.00257 0.092507 1
1.80192 -0.142847 2
-0.254256 0.854353 1
0.536397 0.823165 1
0.713941 0.774125 1
-0.205595 0.939861 1
0.262578 1.04474 1
1.96317 0.389589 2
0.497552 -0.238123 2
1.88266 0.0422012 2
1.84015 -0.0170151 2
0.0414345 0.358474 2
1.00778 0.318157 1
1.22351 -0.442392 2
0.879307 -0.528861 2
0.864242 0.483498 1
1.82538 0.0457765 2
0.206606 -0.0803409 2
1.83249 0.0892075 2
-0.216814 0.975574 1
1.07169 -0.500289 2
0.821681 -0.443612 2
0.73997 0.49996 1
1.9855 0.102377 2
0.25271 1.06962 1
-0.861552 0.574302 1
-0.610906 0.742078 1
1.69942 -0.13264 2
0.211493 -0.0435553 2
0.0861517 -0.0532432 2
0.211429 0.97056 1
1.72487 -0.250913 2
0.522202 -0.350361 2
0.699822 0.599179 1
1.75008 -0.103906 2
0.518651 -0.40969 2
-1.03762 0.114024 1
1.71688 -0.191669 2
0.698693 -0.472514 2
1.90523 -0.041846 2
0.045438 0.28127 2
-0.515357 0.912603 1
1.80084 -0.082319 2
-0.961317 0.131159 1
0.437676 -0.218959 2
0.176582 -0.15092 2
-0.829647 0.405942 1
-0.612988 0.624876 1
0.866832 0.317567 1
0.1842 -0.220054 2
0.564056 -0.415869 2
0.963861 -0.524025 2
1.9289 0.0672927 2
-0.543697 0.779763 1
0.53471 -0.329368 2
-0.720465 0.758383 1
-0.88581 0.433144 1
0.741387 -0.44421 2
0.722285 0.752568 1
-0.856757 0.432289 1
1.26187 -0.469324 2
0.241179 0.925814 1
0.586951 0.844865 1
0.163193 0.0165959 2
0.278865 -0.177927 2
0.0785401 1.00112 1
1.92137 0.193598 2
1.94678 0.330011 2
0.705429 0.724354 1
1.49023 -0.301608 2
0.932889 0.508324 1
0.800169 0.45007 1
-1.07406 0.187327 1
1.75014 -0.1128 2
-0.314888 0.960034 1
1.99951 0.1799 2
1.8483 0.0786553 2
0.604293 -0.538696 2
0.21664 -0.0133782 2
1.25186 -0.502242 2
-0.588045 0.695651 1
1.91916 0.129889 2
1.0259 0.105746 1
-0.255102 0.908782 1
0.0283396 0.942898 1
0.0911784 1.04595 1
0.346423 0.883415 1
-0.521097 0.915614 1
0.0979439 0.304297 2
-0.0492353 1.01638 1
0.84439 -0.43886 2
1.94205 0.175509 2
-0.781765 0.645202 1
1.14487 -0.457842 2
1.33576 -0.492612 2
0.916036 0.31953 1
-0.139526 0.995589 1
1.33114 -0.302196 2
1.46695 -0.344881 2
1.93307 0.392425 2
-0.81307 0.727485 1
0.127125 1.06312 1
1.92815 0.0894078 2
1.54325 -0.397018 2
1.03386 0.300161 1
-0.898444 0.531516 1
0.0236323 0.362653 2
0.942797 0.500116 1
1.98175 0.223713 2
-0.293391 0.94409 1
0.565043 0.79023 1
0.898944 0.443472 1
0.173584 0.0108342 2
0.0901438 0.478765 2
0.235314 -0.216901 2
-0.2979 0.966942 1
0.210261 0.0227098 2
1.79261 -0.234314 2
0.658054 0.713895 1
1.93088 0.1786 2
0.992734 -0.453286 2
1.92524 0.0664666 2
1.98586 0.250823 2
1.42447 -0.382272 2
0.50331 0.879558 1
0.996248 0.132172 1
-0.992175 0.0108946 1
1.91637 0.211725 2
0.675992 0.666423 1
0.15919 -0.0659114 2
0.00487147 0.340695 2
0.927531 -0.511034 2
-0.960326 0.227689 1
1.82309 0.442212 0
-0.646091 0.771245 1
0.901852 0.0550508 1
0.777093 0.631692 1
0.219753 -0.157885 2
0.158623 0.986644 1
2.00219 0.34521 2
-0.343021 0.903968 1
2.09193 0.458221 2
1.50346 -0.424682 2
0.138521 0.942984 1
0.822639 0.642936 1
0.0640869 0.308011 2
-0.9735 0.133653 1
1.20318 -0.507519 2
1.94272 0.251176 2
0.839499 0.251675 1
-1.00625 -0.0167669 1
0.651593 -0.443853 2
1.65395 -0.263978 2
-0.0332192 1.07738 1
-0.992583 0.107776 1
1.6365 -0.245265 2
1.54188 -0.319453 2
0.959023 -0.557774 2
1.67475 -0.209517 2
0.931251 0.325386 1
0.435592 0.979869 1
-0.501644 0.863598 1
1.91272 0.0330534 2
1.26762 -0.462555 2
1.72646 -0.133241 2
0.970343 0.28328 1
0.803178 -0.482679 2
0.105081 1.04956 1
1.69448 -0.273848 2
1.42516 -0.403758 2
2.08328 0.387301 2
1.14252 -0.459666 2
0.956492 -0.577762 2
0.182488 0.226691 2
-1.02014 0.0282602 1
-0.142292 0.972473 1
0.000503346 0.938995 1
-0.0115594 0.45787 2
0.354853 -0.244267 2
0.0873448 0.168392 2
1.30289 -0.445884 2
1.53946 -0.381316 2
1.6008 -0.334381 2
0.266785 0.937107 1
0.85597 0.534131 1
-0.940719 0.371573 1
2.04694 0.476967 2
0.0802223 0.307134 2
1.86954 -0.0424579 2
0.461539 0.934901 1
1.07821 -0.492237 2
-0.35487 0.953531 1
0.216724 -0.266425 2
0.835416 -0.46167 2
0.966025 0.303934 1
0.546018 0.860684 1
1.03994 0.177969 1
0.510004 0.901874 1
0.0589764 -0.0503664 2
1.96403 0.356539 2
1.03212 -0.437432 2
0.750393 0.652333 1
0.812242 0.564264 1
-0.0274627 1.01183 1
0.869193 0.524604 1
0.2649 1.00444 1
0.470362 0.862312 1
-0.516677 0.798106 1
-0.308189 1.00472 1
-0.385677 1.01104 1
0.300081 -0.143168 2
0.0972133 1.06583 1
1.73307 -0.184715 2
-0.514604 0.866411 1
0.0184686 0.936956 1
1.28369 -0.538654 2
-0.992282 0.0301972 1
0.94372 -0.0038101 1
0.698515 -0.410755 2
1.62398 -0.383676 2
-0.974631 0.227326 1
2.06437 0.376251 2
0.300539 1.01814 1
1.87925 0.0930307 2
0.193187 -0.158605 2
1.98416 0.346145 2
0.176415 -0.00691529 2
-0.0298907 0.446395 2
1.54639 -0.397532 2
-0.694265 0.608228 1
-0.0158937 1.00492 1
0.141863 0.0921873 2
0.439528 -0.29781 2
0.00983671 0.25107 2
0.704136 0.692684 1
2.07177 0.466542 2
0.381299 0.935192 1
-0.339129 0.939265 1
0.244706 -0.201828 2
0.525723 -0.417521 2
-0.160305 1.01407 1
2.051 0.451641 2
0.409487 -0.24391 2
1.02887 0.345246 1
0.461496 0.811855 1
0.478701 -0.342021 2
0.406839 0.989231 1
0.259738 -0.0927351 2
-0.417104 0.83527 1
0.452921 1.00836 1
1.81825 -0.14662 2
-0.926999 0.119369 1
-0.83108 0.626953 1
-0.182796 1.00622 1
0.795537 0.487158 1
0.564692 -0.434476 2
0.763882 -0.49855 2
1.03848 0.011478 1
0.967455 0.277441 1
1.97185 0.166366 2
-0.980029 0.130166 1
0.826983 -0.544509 2
0.513416 -0.378533 2
-0.368205 0.885172 1
0.887799 -0.527225 2
0.181794 -0.163066 2
1.18077 -0.475925 2
1.66463 -0.213509 2
0.166941 1.04772 1
1.17156 -0.501953 2
-0.203382 0.989179 1
1.98327 0.442104 2
1.97173 0.186868 2
0.62144 -0.410533 2
1.35226 -0.324302 2
2.11578 0.0862661 2
-0.981553 0.0447745 1
-0.774135 0.669242 1
0.395075 0.84849 1
0.992532 0.305977 1
0.966839 -0.478843 2
-0.896132 0.613534 1
1.30424 -0.494338 2
0.427385 -0.423797 2
0.546669 0.820032 1
0.965502 0.224851 1
0.766076 -0.476363 2
-0.949182 0.391718 1
0.920146 0.237957 1
-0.131162 0.969375 1
-1.01232 0.104484 1
0.572934 0.737927 1
1.96732 0.268869 2
-0.736557 0.65495 1
1.10266 0.0545786 1
0.0684493 0.17532 2
-0.92853 0.520078 1
0.807681 -0.402038 2
0.540377 0.804371 1
-0.407377 0.858441 1
0.377457 -0.216468 2
0.267876 0.880872 1
-0.509894 0.898164 1
1.57315 -0.395346 2
0.102211 1.01333 1
-0.881207 0.56825 1
0.0605618 0.99115 1
-0.413866 0.876573 1
0.244944 1.01605 1
1.93102 0.0985312 2
0.379928 -0.309507 2
-1.01748 0.168592 1
-0.786366 0.472672 1
0.309366 -0.206498 2
0.0136718 0.357921 2
0.190531 -0.0683447 2
0.810156 0.41294 1
0.805754 0.489913 1
1.69486 -0.28054 2
0.970012 0.242654 1
0.285582 0.940273 1
1.03782 0.59231 0
0.0478746 0.291016 2
0.813255 0.5926 1
1.10476 -0.450148 2
0.251869 0.924745 1
2.00521 0.612925 2
0.0283311 0.96797 1
0.40432 0.87181 1
-0.971614 0.446093 1
0.80659 -0.396429 2
-0.143829 0.998995 1
1.61336 -0.313855 2
0.878522 -0.583457 2
-1.01287 -0.0389809 1
0.0310452 0.274116 2
1.93978 0.29839 2
0.876685 0.474916 1
0.195553 0.136466 2
0.273322 0.999654 1
1.59065 -0.21198 2
-0.986037 0.366926 1
-0.640191 0.744651 1
-1.06704 0.159314 1
-1.07606 0.198037 1
0.498042 -0.297414 2
-0.772075 0.605985 1
-0.970699 0.370515 1
0.774609 -0.481964 2
1.83572 0.0673882 2
-1.02416 0.0554138 1
0.425118 0.887478 1
0.0958184 1.05009 1
1.91283 0.296444 2
-0.574695 0.938556 1
-0.922248 0.439755 1
-0.736057 0.686825 1
0.613711 0.804749 1
1.81901 -0.112133 2
1.58995 -0.209446 2
0.865553 0.505671 1
1.39107 -0.345182 2
1.95133 0.255311 2
0.138242 0.997077 1
0.162362 0.967099 1
1.95487 0.0439083 2
-0.928595 0.649627 1
-0.860112 0.404492 1
1.40506 -0.504013 2
0.706948 -0.475781 2
-0.528389 0.885155 1
-0.298555 0.966133 1
-0.788551 0.609714 1
0.191566 -0.0380852 2
0.925877 0.29884 1
-0.288367 0.909533 1
-0.305397 0.894619 1
-0.0044246 0.148893 2
0.514517 0.895065 1
1.09 -0.41937 2
-0.0570589 1.0796 1
0.762268 0.524989 1
0.217048 -0.31412 2
-0.990348 0.0349011 1
1.2696 -0.371756 2
1.91977 0.36839 2
1.96966 0.255326 2
1.95958 0.421972 2
0.172511 -0.12268 2
0.284837 -0.160437 2
-0.563996 0.862212 1
1.02996 0.120775 1
1.92285 0.338033 2
-0.338181 0.934127 1
-0.00655451 0.291561 2
0.859557 0.510272 1
-0.332779 1.0064 1
0.366174 -0.33825 2
-0.996285 0.185562 1
-0.546036 0.876047 1
0.713022 0.523372 1
-0.846708 0.508533 1
1.73141 -0.139702 2
1.02772 0.115162 1
0.87379 -0.548599 2
0.282409 0.972651 1
1.77492 -0.125402 2
-0.480687 0.869473 1
0.00629017 0.489662 2
-0.701024 0.758905 1
1.03535 -0.495188 2
1.44262 -0.537891 2
1.06251 0.0697926 1
1.79927 -0.0806562 2
-0.00465251 0.177658 2
0.641089 0.83088 1
2.04992 0.275977 2
0.991392 0.428992 1
0.797542 0.788238 1
-0.038651 0.439622 2
0.165963 -0.0984493 2
1.86928 -0.00889665 2
0.422136 -0.260148 2
0.95981 0.146769 1
-0.664316 0.834746 1
1.80403 -0.0193314 2
-1.00093 0.139264 1
0.937578 -0.471629 2
1.96808 0.425215 2
0.0931043 0.306752 2
-0.829984 0.434483 1
0.819559 0.416769 1
-0.896767 0.229897 1
0.898232 -0.564006 2
-0.0926704 0.322883 2
0.428081 0.943774 1
-0.824568 0.466848 1
1.06891 -0.48277 2
0.767661 0.67413 1
0.414791 -0.392956 2
1.05671 0.0832889 1
-0.0349399 0.981241 1
1.44597 -0.409543 2
0.365498 -0.173764 2
1.69074 -0.115658 2
0.738392 0.726475 1
1.90177 0.0256008 2
0.947253 -0.38851 2
-0.424545 0.929571 1
0.406831 -0.203428 2
1.34512 -0.504659 2
-0.925742 0.400197 1
1.92953 0.0159436 2
0.431308 -0.251802 2
1.92224 0.284409 2
0.453966 -0.2622 2
0.653243 0.732865 1
0.273264 -0.250593 2
0.845461 -0.458597 2
0.881539 -0.466303 2
-0.0416949 0.975882 1
0.0520828 1.00766 1
-0.447602 0.832161 1
1.31893 -0.453238 2
1.88022 0.19678 2
0.65317 -0.439246 2
-0.573437 0.756427 1
0.333023 0.949287 1
0.52692 0.862229 1
0.697578 -0.410022 2
-0.246311 1.03062 1
1.03348 -0.434109 2
-0.883421 0.376474 1
1.44095 -0.350723 2
1.51358 -0.31007 2
-0.128397 0.975319 1
0.907595 -0.523888 2
-0.132697 0.978428 1
0.0895209 0.0713972 2
0.765865 0.564838 1
0.790011 0.560284 1
-0.151467 1.00601 1
1.58816 -0.213732 2
0.269234 0.96938 1
2.00491 0.456396 2
0.812508 -0.461746 2
0.303354 -0.176367 2
0.0225407 0.412678 2
-0.551684 0.846596 1
0.218147 0.235059 2
1.96006 0.0923897 2
-0.710234 0.820031 1
0.573164 -0.458188 2
0.537341 -0.348413 2
0.538372 -0.375215 2
-0.332172 0.979411 1
-0.160157 1.01367 1
2.05652 0.445402 2
0.620142 -0.459275 2
0.558113 0.81338 1
1.76277 -0.10859 2
-0.321902 0.980622 1
-0.0787349 1.01754 1
-0.0161014 0.317594 2
0.728572 -0.467485 2
1.86334 0.0449966 2
-0.0061916 0.973706 1
2.08485 0.313447 2
1.41959 -0.387931 2
0.760655 0.51285 1
0.434192 0.871105 1
-0.91214 0.496951 1
1.68422 -0.27281 2
0.957513 0.384438 1
1.63243 -0.224243 2
0.103581 -0.0417315 2
-0.0442221 0.49803 2
0.138001 0.0345225 2
-0.824796 0.639406 1
0.891225 0.379914 1
0.0442733 0.340174 2
1.03046 0.146998 1
-0.454402 0.953553 1
-0.998926 -0.00305324 1
0.863969 0.676633 1
-0.581644 0.723159 1
-0.637723 0.704762 1
-0.931278 0.438429 1
0.69305 0.748973 1
0.458579 1.00636 1
1.40089 -0.451802 2
0.15161 -0.15473 2
0.93953 0.236255 1
0.656892 -0.465113 2
1.82173 -0.0198068 2
-0.964879 0.200618 1
0.93299 0.336699 1
-0.480225 0.835805 1
0.414206 0.962985 1
-1.10312 0.203521 1
-1.00835 0.259606 1
1.90103 0.200925 2
0.909216 0.420577 1
-0.0945697 1.03073 1
0.0173024 0.321017 2
0.0408435 0.375962 2
-1.07081 0.0954722 1
0.65715 -0.419289 2
0.83461 0.577273 1
0.0639168 0.0510635 2
0.217819 0.916614 1
-0.97939 0.276868 1
-0.773457 0.690685 1
1.8621 0.24433 2
-0.807997 0.727125 1
-0.62582 0.771386 1
-0.657085 0.757616 1
0.0671003 0.173899 2
0.981356 -0.520531 2
0.614899 -0.446966 2
0.0302297 -0.00215923 2
1.54432 -0.204294 2
0.057876 0.305165 2
0.976706 -0.442952 2
0.937639 0.422158 1
-0.753643 0.569221 1
0.647639 -0.395699 2
2.07669 0.375944 2
1.82636 0.0157638 2
-0.18368 1.01367 1
0.893907 -0.425694 2
1.39744 -0.347504 2
0.839532 -0.509641 2
0.00445524 0.422994 2
0.378289 -0.303481 2
1.01667 0.130996 1
1.01352 -0.458851 2
0.993682 -0.501927 2
0.329767 -0.318367 2
0.947248 -0.598608 2
0.490423 0.786876 1
-0.864316 0.371056 1
0.53173 0.866237 1
0.123627 -0.0514361 2
1.74372 -0.166445 2
-0.395753 0.814669 1
-0.516443 0.786776 1
0.416675 0.830689 1
1.5438 -0.259828 2
1.96744 0.306428 2
0.532832 -0.401923 2
1.51331 -0.399426 2
0.294498 0.933773 1
0.437268 -0.250482 2
-0.499166 0.824006 1
0.805915 0.430284 1
0.936343 -0.426612 2
1.39728 -0.437095 2
1.94206 0.0688973 2
0.74393 -0.478566 2
-0.516421 0.888173 1
0.0961321 0.0636195 2
0.782328 0.616925 1
0.57199 -0.379534 2
0.653843 0.732098 1
-0.302575 0.914349 1
0.942443 0.40565 1
0.961736 0.122311 1
0.105908 0.0273701 2
0.222245 0.933227 1
0.018971 0.0856866 2
0.102148 0.940074 1
0.835179 0.480231 1
0.468991 -0.31221 2
-0.815161 0.590522 1
1.63832 -0.266862 2
1.2789 -0.535349 2
0.133765 1.00674 1
1.00263 0.169627 1
0.127883 0.0622021 2
0.0223826 0.374558 2
2.0288 0.26504 2
2.08674 0.382373 2
0.706712 -0.468454 2
0.0668888 0.20749 2
0.881504 -0.519035 2
0.128197 0.945444 1
0.523409 -0.432197 2
-1.0387 0.109871 1
0.29757 -0.183517 2
-0.703067 0.722498 1
-0.0140615 1.06379 1
0.331132 -0.218802 2
-0.826542 0.382917 1
0.12428 0.0183051 2
0.80949 0.622388 1
0.0107433 0.342323 2
1.86162 -0.114654 2
1.21716 -0.374072 2
-0.639936 0.860368 1
-0.850192 0.613385 1
1.73124 -0.136864 2
0.278313 -0.133859 2
0.0733113 0.896523 1
0.917691 0.366039 1
-0.62472 0.766394 1
0.663123 -0.446159 2
0.239957 -0.125773 2
2.02174 0.415542 2
1.43934 -0.414582 2
-0.428585 0.937931 1
0.605614 0.664166 1
0.856145 0.283836 1
1.00215 -0.0230446 1
1.47882 -0.25987 2
1.73766 -0.168823 2
0.402839 -0.163572 2
-0.461667 0.900559 1
-0.0116699 0.226681 2
-0.223752 0.997253 1
0.709296 0.611363 1
-0.675712 0.82886 1
0.0281574 0.332912 2
-0.50065 0.885508 1
1.1092 0.112819 1
2.02873 0.586376 2
1.56454 -0.477522 2
1.18758 -0.406565 2
-0.0199199 0.92327 1
1.69079 -0.224941 2
0.878869 0.282207 1
-0.899443 0.399313 1
0.627721 0.860952 1
1.87204 0.012878 2
0.519263 -0.338188 2
0.269956 -0.260308 2
0.94741 0.132028 1
0.262856 -0.161394 2
-0.0200266 0.469327 2
-0.937938 0.339209 1
-0.0300968 1.01831 1
1.41876 -0.401233 2
-0.645317 0.802061 1
0.138463 0.0493045 2
0.140913 -0.0811768 2
-0.866602 0.47719 1
0.979843 0.16067 1
1.1594 -0.475173 2
1.06055 0.0301927 1
1.2189 -0.454046 2
-0.445953 0.884599 1
-0.861696 0.289822 1
-0.988976 0.265385 1
1.98713 0.319663 2
0.820154 -0.427866 2
0.455689 -0.29786 2
1.37315 -0.413105 2
-0.995847 0.367429 1
0.306302 -0.0689667 2
0.954728 0.311782 1
1.85267 -0.0581111 2
-0.91951 0.329584 1
-0.837437 0.409971 1
0.51186 -0.314922 2
0.052627 1.01553 1
-0.819829 0.650949 1
0.485892 0.892916 1
0.671504 -0.345293 2
-0.725543 0.764354 1
0.965404 0.084275 1
1.61611 -0.282802 2
0.801584 -0.519553 2
1.08965 -0.398155 2
-0.729098 0.750653 1
-0.835863 0.702599 1
0.966675 0.0813075 1
-0.928394 0.0316986 1
0.512651 -0.438354 2
-0.315762 0.976051 1
1.94718 0.158927 2
0.178212 0.0188062 2
1.92518 -0.00720359 2
0.767392 0.669748 1
0.359123 -0.249487 2
1.10063 -0.51018 2
-0.7515 0.710019 1
0.513014 0.919557 1
1.22056 -0.441674 2
0.255243 -0.194505 2
1.04237 0.328052 1
-0.600762 0.769593 1
1.20856 -0.495535 2
0.108976 0.174512 2
-0.506276 0.821759 1
0.864398 -0.540001 2
0.74902 0.683648 1
-0.970553 0.366694 1
1.61773 -0.264877 2
-0.149521 0.952933 1
0.0422755 0.231853 2
1.3329 -0.454574 2
-0.377866 0.902206 1
1.88153 0.0102918 2
-0.930417 0.362464 1
1.97211 0.351463 2
0.04891 0.937122 1
-0.910011 0.340956 1
-0.816737 0.515837 1
1.16586 -0.467939 2
-0.557148 0.868866 1
1.66609 -0.190969 2
0.190986 -0.0899511 2
-0.526646 0.949081 1
-0.336944 0.883211 1
0.723617 0.706387 1
-0.947079 0.23273 1
-0.323394 0.892029 1
2.05387 0.426481 2
1.9157 0.349447 2
0.0662408 1.00458 1
1.8588 0.0446688 2
0.574119 -0.435325 2
0.00985856 0.475744 2
-0.98189 0.278865 1
0.976222 -0.615109 2
0.45822 -0.327745 2
1.55871 -0.277964 2
-0.303931 0.946763 1
-0.552629 0.78384 1
0.246432 -0.13786 2
1.1298 -0.524545 2
0.0179072 0.289654 2
2.04398 0.400855 2
-0.636926 0.881294 1
0.418868 -0.218015 2
1.97 0.387585 2
-0.881088 0.311171 1
0.716915 0.659735 1
0.991447 0.200039 1
0.0888047 0.0800972 2
-0.418262 0.864739 1
0.756812 -0.468102 2
0.67732 0.827658 1
-0.785897 0.673308 1
-1.05453 0.236855 1
0.12701 -0.023105 2
1.57894 -0.217649 2
0.80405 0.656095 1
1.56086 -0.34595 2
1.43856 -0.369927 2
-0.758639 0.609111 1
0.975993 -0.511763 2
1.72812 -0.16968 2
0.0767091 0.319663 2
0.947288 -0.456017 2
0.860012 0.224763 1
0.214527 -0.127757 2
-0.939034 -0.026521 1
0.067361 0.234499 2
1.6073 -0.307046 2
-0.613572 0.742639 1
1.58032 -0.26261 2
0.350225 0.896265 1
0.195757 0.961597 1
1.30837 -0.509764 2
0.521324 -0.438641 2
0.0607409 0.998754 1
0.730651 0.878806 1
-0.917661 0.240116 1
0.103701 0.136092 2
1.22489 -0.406076 2
-0.00801937 0.327489 2
1.0258 -0.511428 2
-0.145438 1.01514 1
0.174952 0.125665 2
1.41508 -0.441479 2
1.04778 -0.384513 2
0.931955 0.60898 1
1.9441 0.253337 2
0.967193 0.332866 1
0.486411 -0.423594 2
0.81623 0.526789 1
-0.0796121 0.996209 1
0.515752 0.982628 1
-0.911352 0.192456 1
-0.897487 0.526659 1
0.0425409 1.01088 1
0.143916 0.970031 1
1.99702 0.1475 2
1.71577 -0.139194 2
1.19284 -0.485719 2
1.19913 -0.485266 2
1.53009 -0.435493 2
-0.722367 0.722437 1
-0.820128 0.582228 1
0.413063 -0.389314 2
-0.826647 0.463115 1
1.00592 -0.0247465 1
1.29613 -0.448682 2
-0.523129 0.917063 1
0.791543 0.595133 1
1.86892 -0.0807113 2
0.00513244 1.07161 1
-0.237508 0.996383 1
-0.152061 0.957609 1
-0.0405684 0.444727 2
1.8353 -0.0940365 2
-0.828898 0.484283 1
-0.950138 0.229208 1
0.886597 -0.519083 2
0.683951 0.683117 1
1.34541 -0.459453 2
1.4527 -0.275893 2
1.94535 0.126735 2
-0.346614 0.936673 1
0.371386 -0.260625 2
0.604188 0.758142 1
0.800724 0.780439 1
0.600432 -0.360586 2
0.982078 0.119407 1
-0.0517165 0.483274 2
1.11353 -0.459798 2
1.11669 -0.575881 2
1.84798 -0.0465609 2
-0.830557 0.543714 1
-0.978397 0.384419 1
-0.00433905 0.446873 2
1.04844 0.0581882 1
0.358727 0.897824 1
1.27852 -0.493417 2
-0.843321 0.34783 1
-0.0205767 0.339929 2
1.83301 -0.00400921 2
1.5652 -0.359367 2
0.578804 0.849543 1
0.464876 0.866086 1
0.356821 1.03875 1
1.8818 0.289277 2
1.38256 -0.437089 2
-0.0414998 0.497582 2
0.793767 0.636898 1
0.531948 0.797784 1
-0.00638412 1.02183 1
0.423061 -0.277179 2
-0.189162 0.968 1
-0.933027 0.502976 1
1.93401 0.355709 2
1.59186 -0.372488 2
0.018031 0.40782 2
0.913337 0.0843878 1
0.0569895 0.345899 2
0.833152 0.574132 1
-0.907143 0.337345 1
2.05296 0.191232 2
-0.965912 0.172207 1
-0.778026 0.500962 1
1.25347 -0.480931 2
-0.0205164 0.47108 2
0.606645 0.877381 1
0.458214 1.00177 1
0.871501 -0.490491 2
0.669896 0.649319 1
-0.982648 0.0527269 1
1.32774 -0.37725 2
0.913272 -0.547379 2
0.120477 0.0483168 2
0.582181 -0.425387 2
-0.396362 0.917892 1
0.318679 -0.193661 2
0.461947 -0.37134 2
0.996409 0.0281833 1
1.90324 0.0203402 2
0.253157 0.978965 1
0.798862 0.533321 1
-0.0538373 0.919075 1
1.79197 -0.175114 2
0.857926 -0.512662 2
-1.00214 0.00562305 1
0.171888 0.0900416 2
0.242396 1.02806 1
2.05765 0.288606 2
0.739894 0.77172 1
-0.976176 0.106812 1
1.00949 -0.00362388 1
1.5904 -0.252261 2
0.229268 -0.134693 2
1.72374 -0.173224 2
0.431739 -0.33814 2
0.701156 0.71067 1
0.347278 0.90789 1
-0.903487 0.459142 1
0.446546 0.818347 1
0.0550963 0.300833 2
0.00972716 0.425723 2
-0.719292 0.603682 1
0.0733713 0.0486905 2
1.75249 -0.190864 2
-0.651657 0.782497 1
0.160081 1.0807 1
1.70648 -0.270419 2
0.115776 0.152672 2
1.96921 -0.104109 2
-0.00839404 0.278217 2
0.995198 -0.560794 2
0.6574 -0.466591 2
1.85698 -0.0732167 2
0.873904 -0.532121 2
0.938253 0.185009 1
0.297191 -0.300689 2
0.98842 0.246042 1
-0.204155 0.879724 1
-0.989474 0.397921 1
1.36606 -0.522907 2
1.30721 -0.461372 2
-0.947107 0.063391 1
-0.900798 0.478594 1
1.87886 0.0601366 2
-0.672891 0.632015 1
-1.06236 0.0966145 1
-1.00445 0.277806 1
1.5266 -0.373213 2
-0.319856 0.873551 1
-1.05262 0.227339 1
-0.716659 0.778377 1
0.510665 -0.364006 2
-0.893047 0.411886 1
0.206068 0.902407 1
-0.186163 1.06747 1
0.949382 -0.0222543 1
0.332497 -0.155309 2
0.942387 0.129726 1
0.972988 -0.487819 2
-0.178125 0.950333 1
1.69228 -0.218628 2
0.0320044 0.266252 2
1.68186 -0.215349 2
0.430799 0.935578 1
-0.809234 0.613924 1
-0.189169 1.00537 1
-0.857517 0.443629 1
0.113568 0.0757469 2
0.833908 0.438693 1
-0.360079 0.915495 1
-0.387077 0.869064 1
-0.134303 1.02586 1
-0.0168191 0.949474 1
0.233159 0.986914 1
-0.110974 1.07665 1
1.15955 -0.540016 2
1.80369 -0.161424 2
-0.586711 0.664584 1
0.991551 -0.561572 2
0.173098 -0.0168672 2
0.26426 1.01852 1
1.80014 -0.0696411 2
1.7542 -0.0678986 2
1.70333 -0.252059 2
1.99186 0.526452 2
0.989518 0.0647002 1
2.08843 0.357005 2
0.708411 -0.327049 2
0.681678 0.662978 1
0.644107 -0.422695 2
-0.0576534 0.897979 1
0.823773 0.563441 1
1.99571 0.412355 2
1.25131 -0.465004 2
1.29381 -0.465557 2
0.702468 -0.51734 2
0.84289 0.551409 1
1.65045 -0.231797 2
0.886983 -0.462199 2
1.08526 0.223449 1
-0.305983 0.986263 1
0.463401 -0.283229 2
-1.03015 0.320001 1
1.1199 -0.48782 2
1.90432 0.208993 2
-0.00512381 1.02706 1
1.7455 -0.233962 2
0.0730079 0.200474 2
-0.882253 0.424816 1
0.417993 -0.251416 2
-0.591105 0.773916 1
1.99372 0.410414 2
0.823247 0.536389 1
-0.675858 0.706042 1
0.858449 -0.515593 2
1.3877 -0.460869 2
-0.956772 0.162794 1
0.785199 -0.576193 2
0.243809 0.12292 2
1.93292 0.203521 2
0.742304 0.726512 1
-0.419919 0.902837 1
0.107393 -0.0114141 2
-0.46681 0.815998 1
0.474544 -0.226615 2
0.186445 1.03266 1
-0.0343485 1.03172 1
1.07495 -0.526425 2
0.0482385 0.20565 2
0.132766 1.02442 1
0.502164 0.818262 1
0.0663888 -0.0489328 2
-0.697418 0.674276 1
0.685018 0.556183 1
0.163209 -0.00284325 2
-0.936471 0.413775 1
0.0634493 0.394305 2
1.65483 -0.262233 2
-1.00287 0.231945 1
1.91474 0.267267 2
0.120832 -0.0707367 2
1.37121 -0.395758 2
0.876552 -0.578658 2
0.09838 0.370442 2
0.116962 0.133976 2
0.257007 0.978692 1
-0.0262199 0.386989 2
0.417639 0.853218 1
-0.37622 0.960004 1
-0.634229 0.764028 1
0.929789 0.315522 1
1.57157 -0.340949 2
0.775479 0.69404 1
-0.996287 0.0381484 1
1.88342 -0.0193131 2
1.50029 -0.373066 2
-0.122039 1.00055 1
1.09139 -0.571961 2
1.05633 0.152342 1
0.15343 1.12482 1
0.814225 0.726248 1
0.663494 -0.42825 2
0.189786 -0.203567 2
0.654518 -0.366214 2
-0.467723 0.863689 1
0.680079 -0.50278 2
0.637359 -0.392408 2
-0.0530466 0.96959 1
0.62728 0.755386 1
1.64017 -0.22015 2
0.743824 -0.389241 2
1.11016 -0.524095 2
1.53517 -0.422124 2
1.90157 0.0968794 2
0.0577368 0.115187 2
-0.416315 0.975002 1
0.966622 0.101366 1
-0.36842 0.898269 1
-0.112541 0.49936 2
2.02969 0.0779769 2
-0.0460286 0.948848 1
0.762566 0.743063 1
0.532602 0.847433 1
-0.0338722 0.435846 2
