[-0.4468024   0.10381098]
[0.41956218 0.04791155]
[0.49984702 0.06769093]
[0.48074256 0.90339317]
[-0.92064964 -0.45705628]
[-0.05811058 -0.97181178]
[-0.95185516  0.27473198]
[-0.81651678  0.61501946]
[-0.62270613 -0.86393508]
[ 0.12003379 -0.43883731]
[0.73723447 0.66485586]
[ 0.38459988 -0.15447988]
[0.97713376 0.38620922]
[ 0.22951171 -0.44075206]
[0.33480413 0.85719638]
[-0.03600019 -0.48724896]
[-0.25686977 -0.91670229]
[-0.46378602  0.19925787]
[-0.70962727  0.633401  ]
[0.9382675  0.38637943]
[-0.25934081 -0.35447765]
[-1.03293045 -0.21560404]
[-0.31230329  0.3399161 ]
[-0.20761134  1.01367006]
[ 0.21976757 -0.41811499]
[ 0.90029097 -0.3305577 ]
[-0.36364069 -0.20253611]
[-0.12030554 -0.45774163]
[-0.66321305 -0.8025687 ]
[-0.17798537  0.85409256]
[0.44169294 0.20302053]
[-0.62701841 -0.76201939]
[-0.8306799   0.35854291]
[-0.68482065  0.76952032]
[ 0.5356158  -0.01023797]
[-0.26040794  0.45775256]
[-0.86057881 -0.7131684 ]
[0.68221374 0.64339785]
[ 0.1249178  -1.00797943]
[-0.40184366 -0.19615641]
[-0.83814114 -0.40576071]
[ 0.37213364 -0.24981145]
[ 0.81232329 -0.37926639]
[-0.52528088 -0.14164991]
[0.13432518 0.46525998]
[ 0.75690096 -0.60926169]
[ 0.00491756 -0.51911367]
[ 0.42103111 -0.21567466]
[0.44639285 0.10838619]
[0.20101978 0.48299482]
[-0.93102524  0.32520226]
[-0.12068719 -0.4682088 ]
[0.47515228 0.15441036]
[0.45060888 0.88092645]
[0.42768575 0.30052179]
[-0.58039972 -0.78212254]
[ 0.11789435 -0.49440564]
[0.22820075 0.97124342]
[-0.44154776  0.81548538]
[0.92617862 0.05139262]
[ 0.05855931 -0.96306698]
[1.00626638 0.15009558]
[ 0.10215746 -0.45198358]
[-0.2496173 -0.2981122]
[ 0.74890567 -0.70884322]
[-0.21342603 -0.42086816]
[0.3643995  0.46789954]
[ 0.35047214 -0.1373938 ]
[-0.11681177 -0.47272057]
[-0.06415491 -0.94062007]
[ 0.45601543 -0.15858143]
[-0.52621752  0.08551689]
[0.94957382 0.28130303]
[-0.23853571  0.54096628]
[ 0.91511549 -0.09444457]
[0.52895391 0.25078823]
[ 0.74985181 -0.66905888]
[ 0.32642761 -0.28142769]
[0.46429239 0.98631348]
[ 1.03529909 -0.06845285]
[-0.29314489 -0.4594365 ]
[-0.20221679  0.46469979]
[-0.47590666 -0.90660012]
[-0.50309128  0.04233047]
[-0.16201173  0.51805905]
[-0.9150408  -0.04135951]
[-0.03939553 -0.44684212]
[ 0.55951714 -0.91290767]
[-0.33433806 -0.98746474]
[-0.18298918 -0.91073259]
[-0.1529706  -0.54538397]
[0.07888444 0.48664017]
[ 0.27328976 -0.93518556]
[0.16591786 0.53721275]
[-1.0444281  -0.34911277]
[-0.37494757 -0.28808416]
[0.1409771 1.0265879]
[ 0.56387168 -0.85922187]
[0.19378497 0.51425208]
[ 0.3217931 -0.3394696]
[ 0.27229141 -0.32435954]
[ 0.97777941 -0.18767785]
[0.99667656 0.07952443]
[ 0.29615087 -0.42942937]
[ 0.65866574 -0.82121906]
[0.99434552 0.1950186 ]
[-0.80213573 -0.51678645]
[0.52006686 0.19809408]
[0.17266397 0.48652755]
[0.52083822 0.07378433]
[0.01399326 0.90430942]
[-0.67751508  0.74442857]
[-0.3149302  -0.37144625]
[-0.07317983 -1.01914553]
[0.05564561 0.50727739]
[-0.47895442  0.03135905]
[-0.21704591 -0.51889973]
[-0.17959529  0.45022999]
[-0.15647687  0.48051238]
[0.96537056 0.23618739]
[ 0.52278814 -0.07323864]
[-0.38153693  0.9581132 ]
[0.00857391 1.00761767]
[ 0.13685106 -0.54853876]
[ 0.15819572 -0.94589526]
[ 0.46425951 -0.29578849]
[ 0.78414467 -0.63719368]
[-0.6700444   0.84352143]
[-0.73841981  0.76819436]
[-0.40254732  0.27824525]
[-0.43946431 -0.15182821]
[-0.90975803  0.5606449 ]
[-0.89007093  0.47279756]
[0.89593284 0.26231511]
[0.95222584 0.14177206]
[0.46115485 0.22182679]
[ 0.01841491 -0.57504103]
[-0.24934622 -0.93475385]
[-0.31096242  0.9108708 ]
[-0.85630188 -0.59089169]
[-0.55175579  0.0112954 ]
[-0.66622497  0.70874891]
[0.56243099 0.72632235]
[ 0.39173084 -0.00892536]
[ 0.26528845 -0.9722903 ]
[0.98203604 0.35966346]
[1.00825302 0.05891608]
[0.32944355 0.41258319]
[0.44852189 0.31218217]
[-0.37129707 -0.36228103]
[0.19824695 0.43248842]
[ 0.29035441 -0.36306138]
[ 0.84768862 -0.26468258]
[1.00683895 0.32356455]
[ 0.26481362 -1.03712421]
[0.96489991 0.12455503]
[-0.22144455 -0.46522416]
[1.02397129 0.02708927]
[-0.17443488  0.9759266 ]
[0.71224095 0.68069125]
[0.1799079  1.02473556]
[-0.3935174   0.26672498]
[ 0.50443245 -0.79115271]
[1.04360709 0.17930712]
[0.14261938 0.38891502]
[-0.44483212  0.90698806]
[0.6306077  0.80739702]
[0.37575814 0.30843283]
[-0.34066609  0.37372938]
[-0.63120104 -0.70007148]
[ 0.47227951 -0.30688017]
[0.62893901 0.80330452]
[ 0.21423308 -0.91422668]
[0.74431136 0.73266929]
[0.44910245 0.22005104]
[-0.21040175 -0.44424358]
[0.51872421 0.02399831]
[-0.19250256  0.46275069]
[0.55463319 0.33116481]
[-0.03181341  0.92538517]
[0.90637937 0.45059038]
[ 0.43844959 -0.86480497]
[0.2148537  0.41606257]
[-0.62092527 -0.75144677]
[-0.07319374  0.45010426]
[-0.64860007  0.56623309]
[-0.40193467  0.37927017]
[ 0.94443378 -0.41393197]
[ 0.39956064 -0.92284239]
[-0.016547  -0.9963799]
[-0.22719868  0.51101507]
[-0.06965042  0.44808277]
[ 0.38763717 -0.33843649]
[-0.35824411  0.09358157]
[0.46189386 0.14590162]
[ 0.90596737 -0.39481008]
[ 0.36039821 -0.23542524]
[ 0.86940033 -0.53046064]
[-0.35061709  0.4353914 ]
[-0.22271419  0.93348068]
[-0.19463989 -0.46647774]
[0.45169316 0.87456774]
[-0.22357278  0.3609535 ]
[ 0.95168874 -0.23070306]
[0.49643578 0.86386081]
[-0.44804936 -0.12326467]
[-0.86490974 -0.62237027]
[0.96149847 0.38690589]
[ 0.14575788 -1.02169232]
[-0.9664192   0.03141373]
[-0.44912703 -0.25672106]
[-0.43400985 -0.8484163 ]
[-0.66991357  0.79632587]
[0.42461066 0.21289376]
[0.17787462 0.96636051]
[0.26706711 0.46529516]
[1.02566334 0.16052507]
[0.54066986 0.20228875]
[ 0.4024778  -0.07981795]
[-0.26117876  0.55099626]
[-0.35264192  0.44667605]
[-0.80846652 -0.59368617]
[0.92073547 0.47093847]
[-0.48709268 -0.06060152]
[-0.95965232  0.21522568]
[0.64249878 0.84316448]
[0.44808446 0.16026595]
[0.95443876 0.20194984]
[ 0.30430607 -0.95128284]
[0.04189303 0.95566167]
[-0.91014001 -0.50699147]
[-0.28055209  0.41057477]
[0.67129365 0.69201321]
[0.72586934 0.72578697]
[-0.55541781  0.89752386]
[ 0.35486767 -0.47481095]
[-0.48693444 -0.90400376]
[-0.5271304   0.12044835]
[-0.48019797  0.34375983]
[-0.87529546 -0.60934645]
[ 0.10101606 -0.47230939]
[-0.17814412 -0.9506044 ]
[0.15811262 0.99759212]
[-0.10475799 -0.46785182]
[-0.52699421 -0.04337664]
[ 0.39079751 -0.32458403]
[ 0.42140285 -0.33432396]
[0.90055814 0.25458205]
[-0.62286298  0.74331515]
[ 0.44689673 -0.1857213 ]
[ 0.9509392  -0.41440722]
[ 0.27465401 -0.98623874]
[ 0.04958586 -1.01830331]
[-0.1873815   0.42165908]
[ 0.26676761 -1.04639429]
[-0.45219532  0.14891555]
[0.03480977 0.4414171 ]
[-0.26843184  0.46963562]
[-0.02078229  1.05518842]
[-0.93962412  0.40779152]
[-0.6220841   0.84783295]
[0.37005519 0.36364988]
[ 0.38035371 -0.27406414]
[-0.53130347  0.06551149]
[ 0.31718976 -0.35421852]
[ 0.03461895 -0.4315753 ]
[0.94169105 0.47596407]
[-0.35060415 -0.32724443]
[ 0.88574695 -0.43768892]
[-1.0399551   0.24367748]
[ 0.48165411 -0.82118651]
[ 0.63173164 -0.73896591]
[ 1.07094646 -0.02946756]
[-0.34464728  0.17653554]
[0.45237028 0.90936258]
[ 0.09688859 -0.58396288]
[-0.70101347  0.68479725]
[-0.19884323  0.40616815]
[-0.1069439  -0.59218924]
[-0.53914442 -0.74251548]
[ 0.82549586 -0.61367999]
[-0.22098079 -0.50317361]
[0.37720635 0.42282729]
[-0.84860731  0.50441936]
[-0.46944659  0.908828  ]
[-0.0565418  1.0725314]
[-0.31806712 -0.50011906]
[ 0.45198719 -0.14236345]
[-0.08842266 -1.06596432]
[ 0.29379745 -0.37132504]
[ 0.34323166 -0.43570372]
[0.7638841  0.70425643]
[-0.21190316 -0.94713182]
[ 0.40458884 -0.29810077]
[-0.53325861  0.18015638]
[0.81226239 0.48877788]
[0.16229261 0.47006115]
[ 1.04112411 -0.07494451]
[ 0.29803739 -0.39946426]
[1.01579058 0.17737753]
[-0.43278092  0.20682359]
[ 0.01117821 -1.02469764]
[-0.90331809  0.35649797]
[ 0.74087258 -0.78049966]
[-0.97241964  0.23153171]
[0.11838411 0.56007013]
[-0.53996994 -0.06970463]
[ 1.05922689 -0.00579842]
[ 0.06679341 -0.98834183]
[ 0.08581663 -0.43002279]
[ 0.38502439 -0.92253022]
[ 0.69782098 -0.83616936]
[ 0.62309785 -0.78037166]
[-0.98448384  0.20278887]
[0.51408775 0.11994213]
[ 0.38667312 -0.82352127]
[-0.15920282  1.05451603]
[-0.10815176  0.52140722]
[-0.18699491  0.50301081]
[0.10733302 0.93888352]
[-0.92530954 -0.39723636]
[-0.42439151 -0.94778106]
[ 0.81944703 -0.69497549]
[ 0.51226871 -0.05392156]
[0.07730842 0.47413278]
[-0.62677493 -0.77720228]
[-0.49583962  0.10047713]
[ 0.37113559 -0.31207775]
[-0.01287635  0.51777127]
[-0.18048734 -0.46237825]
[-0.83225603 -0.353129  ]
[0.49494884 0.86713273]
[0.31959283 0.34938817]
[0.40171678 0.88548485]
[ 0.92944078 -0.38558888]
[-0.24237129  0.40367615]
[-0.05354873 -0.48634242]
[-0.61140955 -0.9001963 ]
[-0.40942686  0.23889083]
[-0.97837217  0.19322575]
[-0.26949222  0.34187837]
[-0.11922771 -1.04141065]
[ 0.00873171 -0.4655198 ]
[ 0.45364757 -0.05243571]
[-0.45990051 -0.05659566]
[-0.40916762 -0.31126208]
[0.8625618  0.44835585]
[ 0.26501553 -0.88098368]
[-0.39367828  0.87438896]
[-0.81548699  0.44475076]
[0.40151097 0.30230535]
[-0.97625103  0.34952414]
[ 0.50411235 -0.11793707]
[-0.61885616  0.83695511]
[-0.87424676  0.62258231]
[-0.53914565  0.06521629]
[ 0.09212458 -0.36925624]
[0.19413052 0.49678759]
[0.71477486 0.65285466]
[-0.43887586 -0.06017666]
[-0.31978587  0.95186153]
[0.20543208 1.02841236]
[ 0.1055804  -1.07629424]
[-1.07711606 -0.22700708]
[-0.5556185   0.23097615]
[-0.13123745 -0.50373563]
[-0.42338162  0.86395637]
[-0.38453274  0.38222925]
[-0.44773595  0.09946099]
[ 0.05457329 -0.50305952]
[0.5029612  0.20525749]
[-0.57729101 -0.03985298]
[ 0.55428908 -0.15019017]
[0.22554634 0.44836616]
[-1.02219302 -0.12578615]
[ 0.58281147 -0.77751424]
[0.24553943 0.36387467]
[-0.17175176 -1.06615718]
[-0.28216017 -0.4383834 ]
[0.6528059  0.75647079]
[ 0.66953651 -0.69934252]
[-0.44377375 -0.23272095]
[-0.49867717  0.84519077]
[0.50432409 0.19722597]
[-0.01730795 -1.04123938]
[0.23187588 0.36928869]
[-0.01277493  0.46022319]
[0.06430447 0.47874611]
[ 0.98800759 -0.22960761]
[0.27654688 0.45732526]
[-1.03844451 -0.11173491]
[-0.41433538 -0.45171165]
[-0.71628994  0.76162754]
[-0.98530699  0.33844727]
[-0.48753028 -0.28756175]
[-0.14322155  0.54031386]
[-0.14979488 -0.9756521 ]
[ 0.19731044 -0.85115924]
[0.45771146 0.11184857]
[-0.3993043  -0.23666616]
[-0.5022384  -0.32184873]
[-0.79376573  0.5915229 ]
[-0.46456341  0.09229869]
[-0.41820211  0.50061369]
[-0.54670266 -0.02208296]
[-0.41343312 -0.85962401]
[0.1515     0.62576032]
[ 0.55415976 -0.08119823]
[0.59438042 0.95798892]
[-0.51234054 -0.0532338 ]
[ 0.14711139 -0.37829034]
[-0.27397561 -0.41179177]
[ 0.49580952 -0.07712669]
[-0.58924001 -0.77543094]
[-0.44793509 -0.90229951]
[-0.16178413 -0.38036245]
[0.01751917 0.48610119]
[0.4834161  0.13889248]
[ 0.43746452 -0.94400536]
[ 0.49256556 -0.02560413]
[ 0.23430355 -0.45200934]
[-0.33868291 -0.37962521]
[ 0.28407451 -0.93072871]
[-1.01761893 -0.35264765]
[ 0.8427902  -0.50623558]
[0.37708146 0.31319668]
[-0.52714881  0.09305674]
[-0.54562376  0.89763108]
[0.32025491 0.32934285]
[0.03156786 0.45286162]
[ 0.10606137 -0.58294969]
[-0.99233592 -0.12674627]
[-0.8404973  0.419086 ]
[-0.47551527  0.23091928]
[-0.9465108   0.42835124]
[-0.60797846  0.74642299]
[-0.29636891  0.3394862 ]
[ 0.04661776 -1.10022961]
[0.02609698 0.98330615]
[-0.4485067   0.21198898]
[-0.20188809  0.48389637]
[0.59414154 0.82370657]
[-0.86810393 -0.29057226]
[ 0.46585458 -0.92600088]
[ 0.84598384 -0.5317314 ]
[-0.50374977 -0.1706538 ]
[-0.99789305 -0.53865951]
[ 0.11956272 -1.07751024]
[ 0.42570586 -0.24143022]
[-0.39672508 -0.37354234]
[-0.77074839 -0.70036151]
[-0.76981514  0.53713309]
[-0.80345307  0.53186964]
[-0.17199128 -0.43597828]
[ 1.01287609 -0.05652919]
[ 0.55382438 -0.08799248]
[-0.10441438  1.01434268]
[-0.25858453 -0.49843613]
[ 0.29356801 -0.35852126]
[-0.22949813 -0.9429939 ]
[0.17576769 0.51828528]
[0.49447838 0.26484582]
[0.75172919 0.5940345 ]
[ 0.24509137 -0.96063674]
[ 0.52275813 -0.07800033]
[-0.05844149  0.48474081]
[-0.50560343 -0.04316754]
[-0.47307271 -0.92945964]
[ 0.77577735 -0.54415242]
[-0.10415159  0.94750246]
[ 0.33093263 -0.87975811]
[0.45113583 0.23561925]
[0.07985234 0.47239244]
[-0.40304214  0.31554946]
[-0.16955194  0.51120985]
[0.62442339 0.7392378 ]
[ 0.71527691 -0.85783275]
[-0.90079488  0.63880276]
[0.53666612 0.22250843]
[1.00447165 0.26674706]
[-0.27485289  0.55223594]
[ 0.33246874 -0.37422569]
[0.70576449 0.72151156]
[ 0.98423943 -0.1512008 ]
[-0.02505736  0.50187798]
[0.40471969 0.02785497]
[-1.03255071  0.19015876]
[ 0.84857863 -0.61509912]
[0.34389029 0.84301633]
[-0.51421492 -0.13807373]
[0.3694579  0.42971979]
[ 0.59419406 -0.90093944]
[-0.29966445  0.50612789]
[ 0.45365539 -0.11063334]
[-0.99571701  0.15158113]
[0.25891411 0.96736038]
[ 0.94621552 -0.17109776]
[ 0.42813631 -0.2532821 ]
[-0.91023442 -0.37976356]
[-0.48631088 -0.04116129]
[0.58381115 0.72330645]
[0.49337625 0.07813984]
[-0.51898176 -0.14708383]
[-0.24384642 -0.53479477]
[0.45054945 0.26115907]
[1.0059902  0.40490698]
[0.19580274 0.51207503]
[-0.08636723  0.46162638]
[ 0.31113437 -0.90515563]
[-0.48804029  0.22214201]
[-0.94899809 -0.0240884 ]
[0.48126389 0.26860558]
[0.242891   0.43077737]
[0.35582476 1.02483152]
[-0.51576941  0.18833625]
[0.438681  0.1991079]
[ 0.7529356  -0.57928116]
[-0.4656754  0.0030257]
[ 1.02428758 -0.31224975]
[-0.67339637 -0.76857328]
[0.11144273 0.43776753]
[ 0.39800668 -0.32670241]
[0.49803259 0.21838517]
[ 0.47396418 -0.14236884]
[-0.97183494 -0.10254792]
[0.11616732 0.95668984]
[ 0.91990771 -0.27434424]
[-0.40676983  0.0413681 ]
[-0.34739681  0.94361525]
[ 0.89587512 -0.42797635]
[0.46767542 0.07684958]
[0.08274536 0.48938554]
[-0.94289337  0.04860478]
[ 0.12344866 -0.50548495]
[0.07210144 0.48914345]
[-0.054274    0.96135356]
[ 0.33189949 -0.36599503]
[ 0.51395234 -0.07891446]
[0.52530228 0.1354609 ]
[ 0.07007829 -0.54592121]
[-0.16023723 -1.01724076]
[-0.35832458 -0.40655758]
[ 0.86512737 -0.18034138]
[-0.42138533  0.23018205]
[-0.13428702 -0.41767058]
[-0.52736741 -0.90641199]
[-0.54467021 -0.79133605]
[-0.34327284  0.98275034]
[ 0.11470029 -0.53257977]
[-0.06120571  0.49578812]
[ 0.85488712 -0.42630228]
[0.89765797 0.4849694 ]
[ 0.99281685 -0.38290472]
[-0.09671315  0.96494288]
[-0.38402159 -0.40163707]
[-1.00439329  0.36248384]
[0.17734863 0.43905683]
[0.44975564 0.23400576]
[0.38089078 0.84763504]
[-0.45347139  0.85640838]
[-0.13216528  0.50473975]
[-0.25937036  0.34302495]
[ 0.9168135  -0.51066594]
[-0.91553398 -0.24120525]
[-0.15690909  0.93516401]
[ 0.46746705 -0.21361467]
[0.01560331 0.99842367]
[-0.36486299  0.38943056]
[ 0.31367332 -1.12975356]
[-0.33537815  0.40969003]
[-0.79902363  0.6853875 ]
[-0.36951495 -0.3408436 ]
[-1.12288161 -0.15466289]
[-0.44827268  0.14625841]
[0.62122435 0.82098139]
[-0.98428185  0.26283961]
[-0.05875978  0.95272291]
[-1.05373431 -0.32073745]
[ 0.29022441 -0.41933732]
[0.46077885 0.15354165]
[ 0.17493614 -0.40392057]
[-0.3171258   0.26835107]
[-0.39602502 -0.12559073]
[0.67860939 0.734979  ]
[-0.41456742 -0.357211  ]
[-0.60539069  0.72577142]
[0.90569575 0.27162637]
[ 0.92979773 -0.35961026]
[0.39680152 0.93031897]
[-0.48061189  0.08346156]
[ 0.93574842 -0.12209515]
[-0.76265627 -0.62613422]
[-0.41161786  0.89026366]
[ 0.12540653 -0.99747108]
[-0.22182967 -0.97621597]
[0.05157351 1.05740958]
[-0.1938238   0.36349719]
[-0.08695421 -1.11709249]
[-0.41324591  0.02770483]
[-0.88060088 -0.59299929]
[0.46549583 0.87018116]
[ 0.66759491 -0.61158619]
[-0.18226693 -1.03478352]
[0.34755788 0.34126937]
[ 0.47277994 -0.27541253]
[0.36711589 1.01779659]
[-0.03263206  0.53368009]
[0.04464004 0.48626406]
[ 0.25951154 -0.54656201]
[-0.73778463  0.5771569 ]
[-0.07574586 -0.50438051]
[0.3116085  0.35076553]
[ 0.451819   -0.23835391]
[-0.74840792  0.69947119]
[-0.55476326  0.8487181 ]
[-0.5306857  -0.80311394]
[ 0.40114083 -0.36592826]
[-0.2187026  -0.45172035]
[-0.71035729 -0.68150874]
[-0.34937992  0.34643756]
[0.05437547 0.50523714]
[-0.93449046 -0.12363251]
[1.00658945 0.34204737]
[-0.90915402  0.49767365]
[0.2292902  0.96303232]
[0.37286124 0.3180767 ]
[0.35890584 0.93697407]
[-0.64793653  0.87058545]
[0.95469712 0.37181936]
[ 0.4460523 -0.2317175]
[0.33712676 0.28797268]
[-0.06624509 -0.90999322]
[ 0.1344156  -0.54990414]
[0.51879446 0.76780963]
[-0.45541803  0.13129596]
[ 0.08635298 -1.06535143]
[-0.05434592  0.53442538]
[-0.13050768 -0.43749873]
[-0.48472768 -0.17382349]
[-0.77320374  0.6956525 ]
[-2.00540294e-04  9.83480349e-01]
[-0.30635988  0.9100258 ]
[0.41633855 0.22517532]
[-0.68545928 -0.77794631]
[0.42302918 0.05783619]
[0.85516361 0.48737697]
[-0.70074558  0.66136956]
[-0.32030004 -0.30040065]
[-0.8533321 -0.5033875]
[0.03607394 0.44484442]
[-0.38524946  0.24779221]
[0.97775833 0.36549091]
[1.01173574 0.40772029]
[-0.18297389 -0.42113273]
[-0.98172964 -0.01606409]
[ 0.3737838  -0.35796073]
[ 0.66057484 -0.72615054]
[ 0.59157361 -0.84590951]
[-0.24578917  0.45052767]
[-0.37609864 -0.93528933]
[-0.03156956 -0.43305738]
[0.40935822 0.24791928]
[-0.52018548  0.27945226]
[-0.09104926  0.94327538]
[-1.00461549  0.0342437 ]
[ 1.03289576 -0.25040009]
[-0.92312453  0.27465466]
[-0.22790035 -0.41436318]
[-0.20808234 -0.95562496]
[-0.19444604 -0.28743232]
[ 0.94943743 -0.37870936]
[-0.85244276 -0.61126052]
[-0.20172203 -0.46120233]
[-0.52605319  0.05747306]
[-0.97939637  0.14223893]
[-0.32260471  0.4444444 ]
[-1.03296005  0.20252064]
[-0.26620228  0.42346814]
[0.78396626 0.66194789]
[-0.73314241 -0.79502196]
[-0.84379198 -0.50495721]
[0.02645467 0.56150941]
[-0.09101564  0.97224619]
[ 0.05152527 -0.43959539]
[-0.38514999  0.2270946 ]
[0.25461056 1.03532389]
[-0.37172683  0.30389627]
[-0.05860049 -1.05108908]
[-0.02731538 -0.47594352]
[-0.01639351 -1.01095736]
[1.04918139 0.1871056 ]
[-0.9436062   0.37443863]
[-0.02284877  0.5039328 ]
[0.76020212 0.68731903]
[-0.33422784  0.37766941]
[-0.47722194  0.436186  ]
[ 0.28670648 -0.38224822]
[0.39908379 0.19943908]
[-0.28582187  1.00584954]
[-0.40573509 -0.90350767]
[0.05697161 0.47027114]
[ 0.93931383 -0.50641659]
[-0.47741004  0.34450425]
[ 0.60369039 -0.80301599]
[-0.39176005  0.38892247]
[-0.7697479   0.74407751]
[0.5455113  0.91199038]
[-0.18069171 -0.53924121]
[ 0.17687784 -0.42328674]
[ 0.0303145  -0.61131858]
[ 0.50872653 -0.83266692]
[ 0.52864066 -0.106671  ]
[-0.86272282 -0.36553418]
[-0.50012792  0.1726114 ]
[ 0.48628787 -0.25458766]
[-0.12013582  0.94622987]
[-0.24683045  0.44537573]
[-0.76806066 -0.74846214]
[-0.93494318  0.28003461]
[-0.46518667 -0.88980753]
[0.40150255 0.33184896]
[-1.02427025 -0.16281577]
[-1.01023841  0.40493918]
[ 0.79698357 -0.62674699]
[-0.38165201 -0.21826177]
[0.03802436 0.40671461]
[ 0.42401185 -0.27384539]
[-0.17870867  0.45636477]
[-0.86197803 -0.5656335 ]
[ 0.8863816  -0.59365483]
[ 1.03548905 -0.03917282]
[ 1.03665421 -0.27905194]
[-0.14722005 -0.99247731]
[0.99559778 0.45845135]
[-0.0285026   0.97494646]
[0.79649584 0.63791868]
[-0.01529455 -0.56556312]
[ 0.43430388 -0.32562967]
[ 0.89578926 -0.49874105]
[0.09389009 0.41001796]
[-0.88289758 -0.54145554]
[-0.40466037  0.27115279]
[0.15765383 0.3360069 ]
[-0.88638884 -0.3625821 ]
[0.76298817 0.65525239]
[0.43714602 0.05928667]
[-0.36755238 -0.34109045]
[-0.93406594 -0.24633129]
[ 0.02154838 -0.98607711]
[-0.65230756  0.88060739]
[-0.39364048  0.86410777]
[-0.45706796 -0.05443765]
[-0.50810052 -0.91248866]
[-0.2414737  -0.44599613]
[0.42253127 0.20520847]
[ 0.80708376 -0.47170408]
[-0.36035014 -0.92689181]
[ 0.26696934 -0.97982683]
[0.22200249 0.46420205]
[ 0.44530883 -0.70958864]
[-0.33247886  0.37540108]
[-0.96582159 -0.40242328]
[-0.43304486 -0.13545711]
[ 0.38037389 -0.88971733]
[0.70909753 0.74078705]
[0.81223377 0.59624624]
[-0.50451856  0.8419796 ]
[ 0.22064898 -0.46351199]
[-1.03574779 -0.04883893]
[0.43100282 0.17388815]
[ 0.74151277 -0.61812768]
[0.77926438 0.6922603 ]
[-0.05705329 -0.95379831]
[-0.12793747 -0.50706349]
[-0.36728622  0.34841448]
[-0.15202007 -0.42812383]
[-0.37032104  0.93999601]
[0.07463715 0.49173673]
[0.49996758 0.10766241]
[-0.33396225  1.00178902]
[ 0.89967838 -0.45898474]
[0.54378156 0.09679837]
[ 0.24410558 -0.48149591]
[ 0.52209387 -0.03222317]
[-0.36005143 -0.91570191]
[-0.21467145 -1.05303621]
[ 0.45955419 -0.07835011]
[0.48445805 0.34468213]
[ 0.35242204 -0.43178094]
[0.30535175 0.93514196]
[ 0.91985582 -0.42627505]
[-0.55583304  0.78438399]
[0.53437962 0.12480811]
[-0.00674196  0.48866894]
[-0.49118389  0.12055836]
[ 0.40680274 -0.87846714]
[-0.18086852  0.48718646]
[-0.3313326   0.28737685]
[-0.36564959 -0.34271528]
[-0.01583403  0.96980522]
[0.55659836 0.25843679]
[0.86820603 0.66589383]
[-0.28927811  0.33439412]
[ 0.97857755 -0.32377232]
[-0.20088816  0.44894659]
[0.33361768 0.31200675]
[0.98332659 0.11957296]
[0.67924745 0.56519211]
[ 0.43512657 -0.09241559]
[ 0.46762806 -0.95502553]
[ 0.06077154 -0.53690328]
[0.94529782 0.07312796]
[-0.28371073  0.34079389]
[ 0.77701792 -0.63209063]
[-0.25260846  0.39162847]
[-0.6627089  -0.68641176]
[-0.97548384  0.41936068]
[-0.0589228  -0.46883049]
[-0.34493918 -0.40054521]
[0.83841601 0.54510636]
[-0.33892285  0.39475169]
[ 0.22970098 -0.4518836 ]
[-0.05388848 -0.44265887]
[0.00687197 0.55543985]
[-0.68081279  0.81485974]
[ 0.33230113 -0.36367973]
[ 0.19875355 -0.41461109]
[ 0.96279741 -0.26764066]
[-0.42720597  1.01324781]
[-0.38787035  1.04029133]
[ 0.5854521  -0.77079186]
[0.31906088 0.96533541]
[ 0.49503201 -0.86199488]
[ 1.01905161 -0.07861792]
[-0.21186938  0.41711829]
[-0.58432586  0.89576284]
[1.05806772 0.12116789]
[ 0.9070514  -0.52456738]
[-0.44531227  0.26991202]
[ 0.46929011 -0.11036833]
[ 0.1934757  -0.52353418]
[-0.13275233 -0.48135731]
[0.03708812 0.52939734]
[-0.62215263  0.75636268]
[ 0.53816304 -0.02381104]
[-0.47189432 -0.23155782]
[0.12246478 0.39768409]
[-0.2061217  -0.53946362]
[-0.45353417 -0.86182087]
[-0.84226867  0.54223748]
[-0.44398426 -0.15868364]
[-0.05426712  0.50083563]
[0.42312406 0.33459237]
[-0.0185683  -1.04269627]
[-0.97554239  0.10351261]
[0.85812646 0.54157702]
[-0.50547936  0.03064787]
[0.50032857 0.9034282 ]
[0.16473204 0.90572996]
[-0.9108579  -0.30803974]
[-0.87817504  0.48997021]
[-0.14704985 -0.97197292]
[-0.03429007  0.51748303]
[0.496333   0.90970346]
[0.80266065 0.54410494]
[-0.95903612 -0.34397759]
[ 0.46404242 -0.09205722]
[ 0.39221963 -0.31030077]
[-0.47632138 -0.9202307 ]
[ 0.3720633  -0.12368548]
[-0.65759782  0.83513316]
[ 0.81682672 -0.59679546]
[-0.34659218 -0.23691752]
[0.04923567 0.94633962]
[-0.34519333 -0.36895559]
[0.77534703 0.50632936]
[-0.29241835 -0.40587634]
[-0.58942746 -0.1780768 ]
[ 0.30098978 -0.41785259]
[-0.1611899  0.9728159]
[-0.37475598 -0.40490871]
[-0.26944362  0.37812707]
[0.27374735 0.82332087]
[-0.15481123  0.45735667]
[ 0.43614823 -0.20877437]
[ 0.39248044 -0.21342202]
[0.45360953 0.09786374]
[-0.3457232  0.9251654]
[0.64949697 0.83500122]
[0.38577723 0.10467955]
[ 0.75646617 -0.68247165]
[0.51511287 0.22259624]
[0.44877142 0.11410027]
[-0.51385485  0.82129881]
[-0.98254891 -0.23921742]
[-0.14107014 -0.39251633]
[-0.85812157  0.37553569]
[-0.49638713 -0.02544755]
[-0.51510351  0.01042566]
[ 0.51473358 -0.11073066]
[-0.47200761  0.00468074]
[-0.80964022  0.62404905]
[ 0.00531977 -0.43250239]
[ 0.97606168 -0.29961172]
[-0.49213315 -0.0382183 ]
[-0.41885397  0.34979672]
[1.01294353 0.15492642]
[-0.2630712   0.40494371]
[ 0.08889465 -0.484583  ]
[-0.29590003 -0.34382519]
[-0.92170623 -0.01435342]
[-0.80762058 -0.53045133]
[ 0.26685397 -0.47815535]
[ 0.36574975 -0.21360233]
[-0.50782936  0.13289418]
[ 1.05057654 -0.10193294]
[ 0.21973138 -0.47975143]
[0.38833721 0.32470918]
[ 0.38183053 -1.01302227]
[0.19231042 0.49315585]
[-0.21946843 -0.39614826]
[0.33873601 0.42785982]
[0.45955208 0.47668412]
[-0.59962624  0.84968226]
[-0.79384618  0.65530633]
[0.5591727  0.07334389]
[0.87564246 0.23347073]
[-0.08679129 -0.494306  ]
[ 0.45809325 -0.9309702 ]
[0.9199578  0.37994622]
[-0.29259942 -0.42033374]
[0.37085453 0.37780047]
[0.09326884 1.05581615]
[0.46422808 0.05533354]
[-0.08346553 -0.5055068 ]
[-0.472364    0.92364623]
[ 0.19030131 -0.52822953]
[0.56227505 0.81704409]
[-0.89829083 -0.33780391]
[0.6126808 0.812841 ]
[-0.39274098 -0.27377721]
[-0.0540793   0.57486868]
[0.26982183 0.38662465]
[0.42372283 0.14549818]
[-0.53819413 -0.12822802]
[-0.18124386  0.94910948]
[-0.51379846 -0.09868235]
[0.20544319 0.86476538]
[-0.42246552  0.92666043]
[-0.83703458 -0.62160247]
[-0.54140221 -0.08332647]
[0.01371092 0.45269734]
[-0.48488336  0.06172001]
[-0.31690377 -0.95042818]
[-0.50574696 -0.15402427]
[-0.39781281  0.23513269]
[0.41095939 0.91619039]
[-0.22254165 -1.0137764 ]
[ 0.93098784 -0.01154784]
[-0.50521866 -0.35758898]
[0.35111705 0.3416627 ]
[0.40887001 0.28933857]
[-0.03345319 -0.50966812]
[ 0.66186985 -0.783877  ]
[ 0.4573425 -0.0852107]
[-0.45376039 -0.16388317]
[-0.13231033  0.91669946]
[0.68506424 0.63274606]
[0.15286961 0.96619336]
[-0.49587813  0.91863712]
[-0.36288533 -0.95588326]
[ 0.47712116 -0.11072811]
[-0.14216633  0.53166322]
[ 0.88776921 -0.1094218 ]
[0.26624554 0.38299928]
[-0.49672963  0.05328092]
[-0.95891999  0.30241834]
[ 0.2162582  -0.49779072]
[ 0.51096828 -0.11478054]
[ 0.11304204 -0.47044712]
[-0.43446763 -0.23644817]
[0.99438018 0.04777603]
[-0.66603061 -0.82807104]
[-1.00410425  0.05432655]
[ 0.42751752 -0.227041  ]
[-0.28432801 -0.95347453]
[-0.92753331 -0.27267129]
[-0.55739814 -0.33399471]
[ 0.81729491 -0.49350183]
[ 0.47393164 -0.34538184]
[-0.80676703 -0.66236553]
[-0.26197174 -0.37999733]
[0.10860299 0.50447704]
[-0.49847638 -0.11450962]
[0.89960563 0.3381339 ]
[-0.31702635 -0.93674247]
[ 0.26835824 -0.43549154]
[-0.39466779 -0.89712163]
[-0.05032344 -1.03131088]
[-0.97470736 -0.12865956]
[ 0.96854031 -0.16211229]
[0.67521312 0.71984806]
[ 0.6382993  -0.82903034]
[ 0.49745339 -0.90042845]
[-0.7696189  -0.75455187]
[-0.85519323  0.49753458]
[-0.10542516  0.39552008]
[ 0.81942948 -0.6317609 ]
[ 0.62060001 -0.78554288]
[-0.30508757 -0.30768509]
[-0.22837484  0.91923142]
[0.97300304 0.18171083]
[-0.97040208 -0.19842699]
[-0.33404949 -0.26734839]
[-0.65157122  0.70241845]
[-0.58023674  0.81860361]
[ 0.44421771 -0.21899331]
[-0.07591258  0.44537563]
[-0.96803689 -0.21929042]
[ 1.05039755 -0.18607864]
[0.4697111 0.1537567]
[ 0.46009152 -0.03487346]
[ 0.42818471 -0.23043957]
[ 0.50514379 -0.00525074]
[ 0.75576499 -0.79094176]
[-0.28883391 -0.91406571]
[0.28786168 0.37712301]
[-0.29339674  0.43474358]
[-0.89526758 -0.43281709]
[-0.42535401  0.92537733]
[ 1.06508636 -0.19065911]
[ 0.26228039 -0.44823792]
[-0.23644905 -0.28437278]
[-0.61636246 -0.74490696]
[ 0.50081288 -0.03800912]
[-0.50215226  0.0348862 ]
[-0.3312821  -0.93353622]
[0.00483837 0.94158146]
[0.51539709 0.82169461]
[-0.46941648  0.27671465]
[0.75451403 0.53340829]
[0.24070033 0.33837273]
[-0.02278328 -0.46626056]
[-0.76161525 -0.68739903]
[-0.30637395 -0.43139819]
[ 0.89915836 -0.08395376]
[-1.08409352 -0.28367237]
[ 0.25208729 -0.46756755]
[0.12240466 0.48342321]
[1.01312241 0.00239254]
[ 0.31975493 -0.96999574]
[-0.47193642  0.03431787]
[-0.25089137  0.5306366 ]
[-0.94236032  0.04316874]
[ 0.84262786 -0.68693613]
[-0.40877626  0.18584264]
[0.42020655 0.93321818]
[0.00549639 0.53015574]
[0.3857524  0.26304948]
[-0.2434283 -0.3680376]
[-0.48021503 -0.74576223]
[-0.47930103  0.10879483]
[-0.83739607  0.5084222 ]
[0.50693233 0.08940384]
[0.88876089 0.50278509]
[ 0.70821371 -0.61199478]
[0.12703642 0.98564949]
[-0.09802375  0.42277016]
[-0.08997294 -1.0318974 ]
[0.08295859 0.47295294]
[-0.32702899 -0.48245582]
[-0.76120043 -0.70596456]
[ 0.18302683 -0.96754762]
[-0.39204773 -0.37067165]
[ 0.38834819 -0.86485014]
[-0.31422969  0.86918613]
[-0.98548016  0.25181423]
[-0.94335124 -0.38242536]
[ 0.03098122 -0.56491192]
[0.08640172 1.00959176]
[-0.21244428  0.43248327]
[ 0.28162834 -0.87542831]
[ 0.16073141 -0.47400421]
[-0.06038264  0.5452721 ]
[ 0.47657816 -0.04020887]
[0.33214984 1.00458559]
[0.44710007 0.04032962]
[0.28222792 0.91179672]
[ 0.9058502  -0.29861448]
[-0.08449358  0.44753145]
[ 0.90653837 -0.52715373]
[-0.10660275  0.46094066]
[-0.20781719  0.87716686]
[-0.45234072  0.0156758 ]
[0.88007115 0.33993866]
[-0.46769482  0.25036966]
[0.34331907 0.9297089 ]
[-1.01307232  0.17845248]
[0.23911199 0.4073175 ]
[-0.85839588  0.43185177]
[-0.33932675 -0.16926639]
[0.4460746  0.19255468]
[-0.42535231 -0.15764363]
[ 0.1453795 -0.4685908]
[-0.24486032  0.93174693]
[0.69292353 0.72024229]
[-0.24301692  0.94929279]
[0.3072423  0.22594996]
[-0.19013962 -0.97722091]
[ 0.8955461  -0.56960767]
[ 0.43340164 -0.9520189 ]
[-0.51664045 -0.14983761]
[-0.17066135  0.50350423]
[-0.1053411 -0.4431302]
[-0.92405454  0.47166613]
[-0.06971034 -0.4270872 ]
[-0.25598449  0.95563992]
[-0.44457888 -0.90287953]
[-0.10464062 -0.40717866]
[ 0.27622444 -0.27273787]
[-0.47361449  0.04009589]
[ 0.92254498 -0.03874478]
[ 0.13468312 -1.0379271 ]
[-0.3408252  -0.36664337]
[ 0.30890691 -0.4383657 ]
[-0.41035291 -0.11597976]
[-0.00779855  1.03694418]
[ 0.19613905 -0.47315797]
[ 0.3623793  -0.40002698]
[-0.14817147  0.59644307]
[-0.44534747 -0.00904236]
[-0.34428071 -1.02516537]
[-0.376606    0.25279856]
[-0.60367966 -0.77390416]
[-0.4550182   0.19236971]
[ 0.50471601 -0.93489751]
[-0.50437319 -0.07643084]
[0.99849528 0.05690136]
[-0.25797444 -0.96225694]
[-0.51961021 -0.25134082]
[1.00931394 0.01750546]
[-0.03485585  1.03203048]
[ 0.49337364 -0.11306193]
[ 0.7795658  -0.57306581]
[-0.33372667 -0.34986471]
[-0.63237193 -0.76592634]
[-0.45396473 -0.07885855]
[-0.03187257 -0.47404571]
[-0.78739635 -0.74197901]
[ 0.01487906 -0.39322604]
[0.51755939 0.95014325]
[-0.31316194 -0.16977703]
[ 0.5614296  -0.73799931]
[-0.30037781 -0.4122868 ]
[0.2286315  1.06083085]
[-0.5193528  -0.03505777]
[-0.34240687  0.36964355]
[-0.08499307 -0.51863501]
[ 0.07866449 -0.93903487]
[0.39268937 0.23513902]
[-0.26789019 -0.3901461 ]
[0.53949128 0.83650421]
[0.22427071 0.37999815]
[0.43015147 0.20815812]
[0.1353839  0.44917088]
[0.79241455 0.59852663]
[ 0.43088346 -0.11037123]
[ 0.33179375 -0.41650343]
[-0.88890279  0.49354032]
[-0.46270235 -0.04995053]
[ 0.89516679 -0.36449039]
[ 1.05621369 -0.08956852]
[0.26632815 1.03142759]
[-0.95730047  0.17106317]
[0.53423087 0.0094561 ]
[-0.65772145  0.71331354]
[ 0.55124519 -0.11279935]
[-0.41301094 -0.36796861]
[-0.9682862   0.33941938]
[0.1737774 1.0117972]
[-0.74011083  0.77592203]
[ 0.55095141 -0.90773462]
[0.82247104 0.536355  ]
[ 0.47767049 -0.39326881]
[-0.84696654  0.60608018]
[-0.75132543 -0.67061628]
[0.40553888 0.93931206]
[ 0.22948537 -0.44850425]
[0.21189148 0.45045212]
[-0.10518548 -0.54562591]
[0.44517513 0.32643651]
[-0.70287786  0.67336004]
[-0.38748395  0.28660328]
[ 0.32984235 -0.35175282]
[0.59162607 0.89479026]
[ 0.19650852 -0.50621455]
[-0.44160208 -0.92953905]
[-0.29446911 -0.39224068]
[0.1632432  0.39686243]
[1.03094167 0.21792022]
[-0.14637739  0.91063547]
[ 0.42202924 -0.15388541]
[-0.21765843 -0.47186863]
[-0.05954693  0.48537477]
[-0.05723965 -0.45242454]
[-1.06085454 -0.1551695 ]
[-0.46806883  0.20194721]
[0.32316124 0.89813307]
[ 0.06096373 -0.51129655]
[0.46034223 0.00999765]
[-0.91180383 -0.28439843]
[-0.45323908 -0.27537797]
[0.87001427 0.57306225]
[0.90247937 0.43601099]
[ 0.87974578 -0.30630746]
[0.30785898 0.96924324]
[ 0.84942127 -0.44231401]
[-0.86720608 -0.11635184]
[-0.52597013  0.93067844]
[ 0.31747777 -0.34264129]
[-0.82135776 -0.34647667]
[-0.96572436  0.16468567]
[-0.57760543  0.0348993 ]
[ 0.38467655 -0.43934101]
[-0.30810457 -0.25844139]
[-0.38466558 -0.18751916]
[0.15558571 0.53175617]
[-1.00104497  0.09680991]
[-0.77525051  0.70751443]
[ 0.53943133 -0.80244719]
[0.43607071 0.34313841]
[-0.30785779  0.31828003]
[-0.36409394  0.23893834]
[-1.02265546  0.10564041]
[-0.15953174 -0.50107824]
[ 0.87295147 -0.50753399]
[0.90432338 0.51106158]
[-0.98252773 -0.13016085]
[0.34412969 0.33921963]
[-0.24735204 -0.97484951]
[-0.23642039 -0.383558  ]
[-0.30517515  0.30296749]
[0.97346865 0.37422625]
[-0.48922626 -0.18444329]
[-0.49148218  0.16624553]
[ 0.28361217 -0.45733205]
[ 0.67570222 -0.81934185]
[-0.73188981  0.81673535]
[0.14507927 0.43953318]
[ 0.55391401 -0.79931018]
[ 0.28102217 -0.2790671 ]
[ 0.21430759 -0.53877516]
[ 0.24386233 -0.4475631 ]
[ 0.10715876 -0.43128565]
[-0.87040147 -0.4250067 ]
[-0.76239039 -0.54694645]
[0.23565831 0.49852921]
[-0.3782958   0.81162633]
[-0.08285233 -0.50408861]
[-0.42016605  0.02925405]
[-0.10676418  1.00484194]
[-0.43940049 -0.34617228]
[-0.44788534 -0.35880703]
[-0.40209079 -0.26558317]
[0.41726844 0.29058733]
[-0.2760703  -0.98114715]
[-0.42035654  0.15189909]
[0.75465593 0.67314617]
[ 0.53963187 -0.72747393]
[-0.33230711 -0.83957186]
[-0.67085679 -0.71083303]
[ 0.8784175  -0.17490886]
[0.273013   0.47559115]
[-0.44645229 -0.10897701]
[ 1.06676877 -0.10211329]
[-0.39881125 -0.07745074]
[ 0.4768074 -0.2152601]
[-0.36703805  0.3409185 ]
[0.63595415 0.77101205]
[0.53060469 0.08133773]
[-0.48961021  0.15237896]
[-0.26804992  0.9376599 ]
[ 0.31326261 -0.43187495]
[-0.21771157  0.40036206]
[-0.29892118 -0.35331913]
[ 0.30720628 -0.35602567]
[-0.93285199  0.31997961]
[-0.42061566 -0.22448666]
[ 0.4542031  -0.11976191]
[-0.7914937  -0.66051782]
[ 0.39131631 -0.14412773]
[-0.17488573  0.96472782]
[-0.96688704 -0.20036731]
[1.05025994 0.17664907]
[-0.36826891 -0.20018232]
[0.69742463 0.54294997]
[ 0.19888265 -0.43957369]
[-0.90236064  0.46546114]
[-0.02390072 -0.94568294]
[-0.35392484  0.40130103]
[0.23459813 0.3911504 ]
[-0.72788941 -0.51657229]
[0.88634942 0.2922344 ]
[-0.16330069 -0.96296297]
[-0.5176111  -0.95279429]
[-0.47523009 -0.81896641]
[ 0.50391039 -0.23837878]
[ 0.0833962 -0.9674201]
[-0.2141275   0.98538282]
[ 0.89321259 -0.15687435]
[ 0.96815504 -0.30170582]
[-0.86821196  0.34792047]
[0.20853591 0.972401  ]
[0.21104672 0.40092802]
[ 0.84622464 -0.54662287]
[0.12899011 0.58238345]
[-0.16475665 -0.50930698]
[ 0.5415386 -0.7567666]
[0.43913603 0.00968989]
[-0.91374673 -0.05950994]
[ 0.0554822  -0.51979994]
[-0.55452772 -0.81624378]
[ 0.00601184 -0.5975791 ]
[-0.31546518  0.34107182]
[0.81842143 0.58688225]
[-0.38119963 -0.27182146]
[0.24510643 0.42277775]
[ 1.04895192 -0.30673016]
[-0.45767772 -0.03810311]
[ 0.38065697 -0.32291574]
[ 0.5087765  -0.93898709]
[-0.13856669  0.45826958]
[ 0.23583136 -0.98683639]
[-0.2631962   0.52909302]
[-0.73639561  0.77442551]
[ 0.45377097 -0.23933373]
[-0.36632472 -0.39702784]
[-0.79225736 -0.68669542]
[-0.91420944 -0.3900719 ]
[-0.60824749  0.7792316 ]
[-0.24951743 -0.94876685]
[-0.87002758 -0.42714927]
[-0.44512046  0.13100194]
[ 0.78338507 -0.60005746]
[0.33289622 0.40606764]
[0.32616591 0.3156106 ]
[ 0.35793934 -0.00669705]
[ 0.08375963 -0.50978643]
[-0.97490165 -0.19613746]
[-0.252867    0.42007378]
[-0.86656406 -0.42932356]
[0.20079237 0.44748507]
[0.00614398 0.47208873]
[0.06367243 0.42684706]
[-0.87263599  0.54565168]
[0.31678316 0.35680193]
[0.33998345 0.40958973]
[-0.42917738 -0.21808182]
[ 0.13505964 -0.49537861]
[-0.29706282 -0.34495497]
[-0.64615138 -0.73323862]
[ 0.18815418 -0.99481156]
[-0.9254335  -0.12302845]
[-0.42199431  0.26309653]
[-1.04028887 -0.25133751]
[0.33552424 0.42946307]
[ 0.3909485  -0.12744318]
[-0.03366131 -0.58405664]
[-0.34050303  0.25109654]
[-0.37393966  0.16129536]
[0.88792078 0.48022455]
[ 0.52086518 -0.90876528]
[-0.47888394  0.26710715]
[-0.96922938 -0.55134489]
[-1.00584167  0.00145156]
[-0.94712416 -0.230532  ]
[ 0.40287077 -0.40954024]
[-1.82363306e-06  5.60530235e-01]
[ 0.40397968 -0.35188808]
[-0.18826875  0.96648382]
[0.09186741 0.41572795]
[-0.26720353  0.44924931]
[-0.15133046  1.02207166]
[-0.91321594 -0.43902481]
[-0.071953   -0.54897228]
[ 0.25763621 -0.90190762]
[-0.82634556  0.55166715]
[ 0.17593645 -0.4285782 ]
[ 0.95903066 -0.10631822]
[-0.06661952  0.45784358]
[ 0.95196007 -0.12677625]
[0.49450944 0.03611768]
[-0.37829894  0.43799313]
[-0.40920118  0.32139077]
[-0.75841315  0.64406714]
[0.08399695 1.0022422 ]
[0.40312803 0.33123415]
[ 0.09100392 -0.4038055 ]
[-0.46770008  0.13663153]
[-0.52096993 -0.15988929]
[0.39958731 0.31946446]
[0.37697252 0.38633741]
[-0.87795812 -0.45191366]
[ 0.20223233 -0.47230478]
[-0.98383881  0.20700816]
[-0.94315472  0.10061113]
[ 0.17044145 -0.43102986]
[-0.44804032 -0.26807941]
[0.71574417 0.54167939]
[ 0.01209418 -1.00123209]
[-0.14189146 -0.54631727]
[ 1.01063839 -0.26845734]
[ 0.25157851 -0.44582485]
[ 0.35744269 -1.05469517]
[ 0.49091826 -0.10206932]
[-0.2753568  0.3084602]
[-0.37827738  0.40067544]
[ 1.05859849 -0.00382524]
[-0.98360966  0.01319938]
[ 0.65313822 -0.63451666]
[ 0.44955875 -0.93806208]
[0.10214431 0.44736597]
[ 0.08031323 -0.43827538]
[0.45252301 0.00052876]
[ 0.24088072 -0.50326962]
[0.17474192 0.35454721]
[-0.97031945  0.07557639]
[-0.99067064 -0.06449133]
[0.52833164 0.0366591 ]
[ 0.08374272 -0.9495661 ]
[ 0.29561393 -0.42071483]
[0.97305491 0.35374311]
[0.57554373 0.91965286]
[-0.49678688 -0.08497321]
[-0.23749937 -1.05905583]
[-1.00350818  0.1606516 ]
[-0.52098023  0.01388488]
[ 0.0814864  -0.50054416]
[-1.04173512  0.09214636]
[0.08081647 0.56011849]
[-0.46561838 -1.03269904]
[0.85881476 0.32251079]
[-0.42516811 -0.38411332]
[-1.00492618  0.23550317]
[-1.00875502 -0.32662152]
[0.77454921 0.54528769]
[-0.96584006  0.15743839]
[0.23076324 0.48563048]
[0.09011234 0.93529241]
[-0.4088357 -0.2705845]
[0.75868355 0.58168393]
[0.22745149 0.3983506 ]
[0.50308652 0.90689794]
[ 0.97355475 -0.31431839]
[0.50552367 0.01914416]
[-0.83063999 -0.61461856]
[-0.02618217  0.36759416]
[-0.6945107  -0.70482626]
[0.409617   0.21847638]
[ 0.41267692 -0.23116114]
[-0.88226378  0.52793492]
[-0.36846199 -0.28429414]
[-1.03872243  0.23998477]
[-0.45577264 -0.33213164]
[0.48026136 0.8889843 ]
[0.27870647 0.34308369]
[-0.83371528  0.50865321]
[0.46101909 0.26120593]
[-0.22764543 -0.40764791]
[-0.60893125 -0.71461351]
[ 0.47280759 -0.07545613]
[0.42283274 0.90198165]
[ 0.24791484 -0.39619391]
[-0.86517701  0.51715897]
[-0.04368841  0.51670928]
[-0.48377889 -0.09062762]
[ 0.54623829 -0.20157126]
[0.99477844 0.09963708]
[ 0.50033225 -0.93249808]
[0.40955313 0.29551115]
[-0.67329336 -0.79895365]
[ 0.45258216 -0.31434194]
[0.72587421 0.66817103]
[-0.98364071 -0.1809724 ]
[-0.98763804  0.28936708]
[-0.09289405 -0.46704654]
[-0.74474988 -0.714644  ]
[-1.04722556 -0.05077692]
[0.46716559 0.285428  ]
[ 0.00969444 -0.49106732]
[-0.41088089 -0.34564629]
[0.21424071 0.40178926]
[0.99463858 0.00702359]
[ 0.10188143 -0.93821914]
[-0.4353222  -0.12980865]
[ 0.39199507 -0.26285948]
[-0.24875702  0.37144708]
[-0.44806599  0.25641977]
[-0.92658493 -0.51856754]
[-0.38515424  0.39523681]
