[0.79494856 0.68190147]
[-0.9330008   0.44488553]
[0.47371632 0.79531244]
[-0.03371237  0.21285513]
[ 1.34921248 -0.5189194 ]
[-0.98100245  0.28986927]
[ 1.0419837  -0.49351074]
[0.00166342 0.39556391]
[ 0.61876074 -0.54658368]
[1.89884583 0.03058758]
[-0.26222118  0.9808312 ]
[0.31987227 0.87520118]
[0.60257877 0.84951184]
[1.99688204 0.28069062]
[ 0.72883722 -0.47646569]
[0.24283308 0.09569867]
[0.46915945 0.83855187]
[-0.63733863  0.67517788]
[0.86591883 0.43096455]
[-0.94093469  0.4298427 ]
[0.40358996 0.86748392]
[-0.89840056  0.40583219]
[0.12226166 0.96232477]
[0.86234718 0.61445562]
[0.97491786 0.21771979]
[0.54503975 0.87048837]
[ 0.53299378 -0.33166287]
[1.01098745 0.34493314]
[ 0.63390156 -0.43790625]
[ 1.82755797 -0.05612676]
[-0.94873783  0.39467157]
[1.00302039 0.14795533]
[-0.40936239  0.97504317]
[-0.544986    0.78012757]
[1.88348251 0.17032906]
[1.99707443 0.12288144]
[-0.88629316  0.57325425]
[0.96342813 0.12074252]
[-1.0008037   0.28316108]
[-0.51148275  0.82416005]
[ 0.63723875 -0.37135707]
[ 0.3804115  -0.26929807]
[ 0.72020084 -0.463895  ]
[ 0.90060527 -0.49878356]
[ 1.42790499 -0.44645176]
[0.31932803 0.95308424]
[-0.79503546  0.59257331]
[-0.22597517  0.98990166]
[ 1.78497358 -0.21624603]
[0.07632939 0.35250565]
[0.50307835 0.83972295]
[ 0.38750426 -0.36115922]
[0.00345363 0.16609176]
[-0.9348963   0.17309946]
[ 0.67091732 -0.41247165]
[0.96145717 0.33966061]
[-0.06988994  0.28475651]
[ 0.11977095 -0.12686913]
[-0.93266035 -0.02876799]
[0.31524353 1.00689864]
[ 0.62247279 -0.48062008]
[0.30951397 0.91188136]
[ 0.50726021 -0.37605526]
[0.89103481 0.54486201]
[ 1.27161537 -0.41429531]
[ 0.997135   -0.54150201]
[ 0.17393387 -0.1618553 ]
[-1.02673117  0.11458551]
[ 1.89905283 -0.01025259]
[-0.14933829  1.02587059]
[0.11631609 0.95194391]
[0.60496488 0.70275375]
[1.02211677 0.15843526]
[-0.93974122  0.22260876]
[-1.09900271  0.02960156]
[0.04958929 0.24821441]
[0.21231973 0.94939621]
[ 0.88867723 -0.59130987]
[0.16131461 0.1963938 ]
[ 0.12917275 -0.06074255]
[1.98105665 0.34753935]
[0.03563969 0.17290776]
[ 0.23420493 -0.22789692]
[0.8496745  0.44550961]
[-1.03560017  0.13161538]
[0.08423944 1.00687768]
[ 1.14670353 -0.47384563]
[0.98374258 0.16163501]
[ 1.40868494 -0.45135866]
[ 1.48140505 -0.32262832]
[1.9667721  0.04834204]
[1.00701288 0.11043714]
[-0.68580623  0.66468796]
[ 0.98136692 -0.50651783]
[-0.85152008  0.47836882]
[ 0.19882366 -0.17281503]
[0.96889704 0.28120329]
[0.93270512 0.42684158]
[0.90649023 0.4308964 ]
[1.96189309 0.22559011]
[ 0.56360396 -0.35868163]
[0.99931153 0.20139488]
[ 1.04960108 -0.44571464]
[0.53004409 0.81619299]
[-0.82448416  0.53425341]
[-0.11900875  1.05388656]
[-0.16320767  0.95524479]
[0.71860634 0.83727223]
[ 1.75892181 -0.20283788]
[ 0.08199528 -0.00745675]
[ 0.38644572 -0.25041811]
[0.04689076 0.19756435]
[-0.65863443  0.75458966]
[0.07752189 0.08127055]
[ 0.18755144 -0.0719622 ]
[0.30178208 0.97253147]
[-0.05618371  1.03754184]
[2.03459316 0.17948965]
[-0.17821663  0.97588378]
[0.04046452 0.38196686]
[ 0.28086775 -0.17245334]
[0.75996671 0.65300986]
[ 0.3537526 -0.2406261]
[0.91144172 0.35897507]
[ 1.13121336 -0.53024456]
[0.42690926 0.93834268]
[0.38778097 0.87401916]
[-0.94639565  0.36622754]
[0.98080456 0.4080973 ]
[ 0.18187941 -0.17781319]
[0.80029836 0.50600305]
[0.82358948 0.58456545]
[0.43356049 0.93104692]
[-0.40936614  0.90111063]
[1.99651833 0.1325152 ]
[-0.01390964  0.45081651]
[ 1.56659631 -0.32158109]
[-0.6841101   0.68537027]
[2.05297587 0.34351842]
[0.92011769 0.31400113]
[-0.39309321  0.9613173 ]
[0.32833338 0.97372556]
[ 1.55154635 -0.33525809]
[0.05351374 0.56472178]
[ 1.13402706 -0.58278633]
[0.18674343 1.04111548]
[1.00539774 0.31114316]
[-0.96119776  0.01865556]
[0.30012867 0.88075197]
[-0.97074059  0.21111046]
[-0.85593942  0.45567547]
[ 0.4474204  -0.29866146]
[-1.01013393 -0.05679631]
[0.08399555 0.99747598]
[0.10281156 1.0377801 ]
[-0.58165412  0.68350669]
[ 1.85412397 -0.04856274]
[-1.01326273  0.07444764]
[ 0.48603369 -0.39184447]
[2.01656547 0.33081868]
[0.96615078 0.41768665]
[0.79216693 0.73130739]
[-0.00378944  0.39939235]
[-0.92822708  0.14504898]
[ 1.01463551 -0.54839937]
[0.33192625 0.84387197]
[-0.97536911  0.09580321]
[-0.80009677  0.61773514]
[ 1.38015124 -0.35444721]
[0.07824021 0.10968714]
[-0.68519536  0.70539796]
[0.83577708 0.29033611]
[ 1.43610449 -0.24368868]
[ 1.04690514 -0.00880808]
[1.9261083  0.20067628]
[0.67641492 0.79573067]
[ 0.7075015  -0.42369273]
[-0.95071805  0.39308121]
[-1.05299718  0.04160168]
[ 0.98112233 -0.52469906]
[ 1.01356237 -0.56102507]
[ 1.53503906 -0.4625103 ]
[1.99173696 0.2834039 ]
[-0.88092345  0.31393865]
[ 1.26889024 -0.47590367]
[0.88848875 0.67056376]
[-1.04223235  0.24413161]
[-0.60560426  0.77668997]
[ 1.00274734 -0.51647694]
[1.977618   0.50062891]
[ 1.54167209 -0.35917837]
[ 0.35654489 -0.23134773]
[0.91718608 0.42830646]
[0.38318795 0.84980623]
[ 0.46866669 -0.42601101]
[ 1.74193788 -0.18259422]
[-0.54454528  0.92236549]
[-0.22621529  1.02639304]
[0.04378022 0.12781119]
[0.64975243 0.76423394]
[-0.70532912  0.7391884 ]
[ 1.48025793 -0.37719495]
[0.8706043  0.50028157]
[0.5542015  0.80883177]
[ 1.68843374 -0.2014635 ]
[2.04082939 0.51997407]
[ 1.55742073 -0.31830513]
[-0.87763424  0.55297501]
[0.01332198 0.14497218]
[ 1.4526377  -0.37547583]
[0.94706387 0.35874863]
[0.14100047 0.97812443]
[1.87300548 0.03678201]
[0.85666583 0.48741812]
[-0.73252232  0.6017017 ]
[ 1.87558246 -0.0260392 ]
[0.16464343 0.04902606]
[0.1369222  0.07239555]
[ 0.24934769 -0.02670904]
[ 1.80461521 -0.14063756]
[-0.51019897  0.82192635]
[-0.68765308  0.72470243]
[0.92984429 0.33511344]
[0.56870748 0.84647797]
[ 1.60122    -0.37956919]
[0.07964102 0.4787026 ]
[0.38093777 1.07938937]
[ 0.68727373 -0.37290244]
[0.68068337 0.7384085 ]
[2.0259828  0.47429389]
[-0.82917399  0.60198829]
[0.63393932 0.85084158]
[1.99483716 0.31651585]
[ 0.9100116  -0.51781369]
[ 1.78534426 -0.0820971 ]
[1.8508498  0.10958373]
[1.97890025 0.15560508]
[ 1.0492607  -0.53848258]
[0.63863759 0.69095784]
[ 1.48246845 -0.40189616]
[ 1.26025784 -0.46535921]
[-0.93345269  0.03254351]
[ 0.85108192 -0.4472901 ]
[-0.77952074  0.48473765]
[1.01817565 0.26966822]
[-0.71659583  0.7028857 ]
[ 0.46515214 -0.33005739]
[0.05964215 0.0817139 ]
[-0.9380493   0.23255574]
[1.90970843 0.02698481]
[0.29787167 0.97609993]
[1.97098824 0.54794919]
[0.33841123 0.93547388]
[-0.3738779   0.84285724]
[ 1.09563305 -0.50134863]
[0.72622961 0.68193745]
[-0.95062593  0.30492364]
[0.97007527 0.06518593]
[ 0.28331252 -0.2766744 ]
[0.99513421 0.4315342 ]
[ 0.38620125 -0.26927501]
[0.06892746 0.06966471]
[0.58183514 0.82582242]
[0.33190352 0.98055962]
[0.26417617 1.00148454]
[0.89287786 0.614073  ]
[0.95185004 0.2636847 ]
[1.05383084 0.03560009]
[0.14942132 0.9425586 ]
[ 1.24799682 -0.51433119]
[ 0.59778222 -0.41332942]
[2.05186595 0.55796065]
[ 0.63782102 -0.4255342 ]
[ 1.55807125 -0.30823975]
[0.06520191 1.07370818]
[1.92424674 0.26130718]
[-0.94204187  0.52596725]
[0.18772927 0.95437487]
[1.86934158 0.1614385 ]
[ 0.72172881 -0.50142686]
[ 0.6753941  -0.44207601]
[0.77886536 0.5851166 ]
[0.19447674 1.0797545 ]
[ 1.82553748 -0.10674755]
[-0.74088034  0.56675741]
[ 1.23928468 -0.51256823]
[-0.91750923  0.33953666]
[0.08831776 0.0138079 ]
[0.49305065 0.84816592]
[ 0.45246153 -0.25456064]
[-0.74749627  0.65295399]
[1.88911433 0.07240443]
[0.59004854 0.87633718]
[ 0.28846986 -0.08648496]
[-0.87232521  0.54946064]
[-0.73001883  0.75028231]
[1.94078663 0.49227011]
[ 0.76040725 -0.55262739]
[ 1.4681308  -0.43210888]
[-0.51504732  0.9211752 ]
[1.976983   0.27798393]
[0.90463445 0.4876807 ]
[0.4130728  0.92913558]
[0.88289669 0.44329106]
[-0.31162916  0.9845942 ]
[1.98175974 0.31936362]
[-0.70139766  0.71666837]
[1.88670256 0.10553621]
[-0.74819867  0.66018522]
[ 1.5280144 -0.3722939]
[-0.01971156  0.47899546]
[0.77866634 0.56420185]
[-0.42443152  0.96371926]
[ 1.65978889 -0.27736348]
[0.54511072 0.83595089]
[0.99443857 0.2767356 ]
[0.74653967 0.68454722]
[0.01088756 0.46498336]
[0.84776958 0.38464003]
[ 0.17415493 -0.01208753]
[ 0.3448571  -0.23437298]
[ 0.25419661 -0.15412755]
[-0.29539674  0.91367945]
[ 0.88486929 -0.57317914]
[0.5197539  0.85550129]
[ 0.26149191 -0.18817371]
[1.03038002 0.16340533]
[ 0.90791857 -0.4587648 ]
[-0.48489165  0.9131321 ]
[ 0.14313312 -0.09893884]
[0.63855999 0.8597851 ]
[0.98663128 0.09741613]
[0.18780792 1.01187581]
[0.8298942  0.51028128]
[ 1.73488508 -0.12601611]
[0.89706399 0.37703938]
[0.82991886 0.59144506]
[ 0.39552145 -0.31138994]
[-0.77498699  0.66503197]
[0.9189818  0.46863223]
[ 1.40138924 -0.52762306]
[0.99303275 0.13573084]
[ 1.76899076 -0.27502236]
[0.7408808  0.46831481]
[ 0.67694507 -0.41334794]
[ 1.3724273  -0.52792656]
[-0.00677132  1.00940752]
[ 0.27508357 -0.24218917]
[0.09322209 0.14794579]
[-0.26508318  0.90861575]
[-0.92382861  0.47920669]
[0.04133608 0.28740352]
[0.63942411 0.82738906]
[0.17553362 0.01165829]
[-0.87828569  0.45946943]
[ 1.39689678 -0.42030856]
[0.71107908 0.70465725]
[-0.90188513  0.29433445]
[ 1.48755186 -0.51175327]
[ 1.24489544 -0.51963777]
[ 1.109788   -0.52831944]
[1.83287969 0.10886572]
[0.77816838 0.65057124]
[ 0.23260097 -0.1047175 ]
[-0.24228747  0.92860209]
[-0.58343999  0.7571929 ]
[-0.12252938  0.96832   ]
[-0.02789731  1.06218128]
[0.86909786 0.51106833]
[0.61301137 0.79237876]
[0.70214721 0.59672997]
[ 1.61907324 -0.2683556 ]
[0.00447569 0.22979839]
[ 0.38951386 -0.36398364]
[0.96093453 0.22170472]
[-0.44708182  0.85079245]
[ 0.3541998  -0.24362329]
[0.14209264 0.93011454]
[-0.46495357  0.92786062]
[ 1.62618189 -0.0746654 ]
[ 1.36425395 -0.39204238]
[0.92088829 0.37443811]
[0.53684841 0.8967477 ]
[ 1.61010572 -0.19537138]
[ 1.73932625 -0.2119996 ]
[-0.78396061  0.5515974 ]
[2.06957453 0.20386207]
[-0.86792821  0.37981739]
[0.16100003 0.07720909]
[-0.53325073  0.76299641]
[ 1.33279395 -0.50792698]
[ 0.51972309 -0.43600258]
[0.09427233 0.1402018 ]
[ 0.93219783 -0.46065148]
[-0.17420343  1.08648726]
[ 1.64606567 -0.35496706]
[-0.80256666  0.56639176]
[-0.45991728  0.90738445]
[ 1.2807645  -0.37576003]
[ 0.77260881 -0.55910359]
[-0.73220217  0.69381802]
[-0.07345854  0.33249743]
[0.06696314 0.12249946]
[-1.00256943  0.09250704]
[ 1.8019187  -0.14284732]
[-0.25425563  0.85435317]
[0.53639682 0.82316536]
[0.71394086 0.77412466]
[-0.20559493  0.93986137]
[0.26257765 1.04474097]
[1.963174  0.3895889]
[ 0.49755245 -0.23812278]
[1.88265843 0.04220124]
[ 1.84015435 -0.01701515]
[0.04143452 0.35847384]
[1.00778152 0.31815724]
[ 1.22351054 -0.44239162]
[ 0.87930742 -0.52886102]
[0.86424239 0.48349847]
[1.82538463 0.04577648]
[ 0.20660559 -0.0803409 ]
[1.83249446 0.08920748]
[-0.21681435  0.97557368]
[ 1.07168879 -0.50028932]
[ 0.82168114 -0.44361196]
[0.7399703 0.4999605]
[1.98549551 0.1023772 ]
[0.25271036 1.06962179]
[-0.86155213  0.5743022 ]
[-0.61090564  0.74207847]
[ 1.69942211 -0.1326405 ]
[ 0.2114926  -0.04355527]
[ 0.08615167 -0.05324321]
[0.21142878 0.97056004]
[ 1.72487246 -0.25091255]
[ 0.52220211 -0.35036087]
[0.69982228 0.59917886]
[ 1.7500837  -0.10390615]
[ 0.518651   -0.40968977]
[-1.0376159   0.11402352]
[ 1.71688265 -0.19166931]
[ 0.69869264 -0.47251406]
[ 1.90523392 -0.04184604]
[0.04543798 0.28126954]
[-0.51535715  0.912603  ]
[ 1.8008357  -0.08231901]
[-0.96131693  0.13115916]
[ 0.43767642 -0.2189588 ]
[ 0.17658182 -0.15092031]
[-0.82964703  0.4059417 ]
[-0.61298837  0.62487614]
[0.86683205 0.31756749]
[ 0.18419981 -0.22005373]
[ 0.56405613 -0.41586891]
[ 0.96386098 -0.5240251 ]
[1.92890432 0.06729266]
[-0.5436968  0.7797629]
[ 0.53471003 -0.32936819]
[-0.72046459  0.75838277]
[-0.88581035  0.43314442]
[ 0.74138668 -0.44420958]
[0.72228465 0.75256767]
[-0.85675715  0.4322895 ]
[ 1.26187069 -0.46932365]
[0.24117872 0.92581449]
[0.58695077 0.84486533]
[0.16319343 0.01659593]
[ 0.27886456 -0.17792699]
[0.07854014 1.00111897]
[1.92137037 0.19359844]
[1.94677844 0.33001105]
[0.70542851 0.72435354]
[ 1.49023275 -0.30160753]
[0.93288937 0.50832437]
[0.80016936 0.45007041]
[-1.07406456  0.18732686]
[ 1.75014229 -0.11280001]
[-0.31488837  0.96003387]
[1.99950864 0.17989987]
[1.84829637 0.07865535]
[ 0.60429333 -0.5386962 ]
[ 0.21664029 -0.01337819]
[ 1.25185569 -0.5022424 ]
[-0.58804503  0.69565131]
[1.91915504 0.12988874]
[1.02590055 0.10574647]
[-0.25510231  0.90878231]
[0.02833962 0.94289781]
[0.09117842 1.04594626]
[0.34642306 0.88341547]
[-0.52109696  0.915614  ]
[0.09794394 0.30429726]
[-0.04923532  1.01638031]
[ 0.84439042 -0.43885973]
[1.94205179 0.17550898]
[-0.78176523  0.64520192]
[ 1.14486507 -0.45784215]
[ 1.33576364 -0.49261226]
[0.91603619 0.31952958]
[-0.13952562  0.99558879]
[ 1.33113958 -0.30219627]
[ 1.46694511 -0.34488071]
[1.93306709 0.39242509]
[-0.81306962  0.72748464]
[0.12712489 1.06312184]
[1.92814632 0.08940783]
[ 1.54324981 -0.39701796]
[1.03385879 0.30016104]
[-0.89844427  0.53151645]
[0.02363225 0.36265266]
[0.94279702 0.50011609]
[1.98175    0.22371293]
[-0.29339111  0.94408995]
[0.56504348 0.79023019]
[0.89894369 0.443472  ]
[0.17358355 0.01083424]
[0.09014384 0.47876467]
[ 0.2353137  -0.21690096]
[-0.29790016  0.96694175]
[0.21026102 0.02270979]
[ 1.79261229 -0.23431409]
[0.65805434 0.71389471]
[1.9308807  0.17860045]
[ 0.99273409 -0.45328616]
[1.92524421 0.06646663]
[1.9858637  0.25082279]
[ 1.42446706 -0.38227219]
[0.50331028 0.87955809]
[0.99624753 0.13217199]
[-0.99217496  0.01089457]
[1.91636728 0.21172492]
[0.67599151 0.66642263]
[ 0.15919    -0.06591141]
[0.00487147 0.34069464]
[ 0.92753145 -0.51103395]
[-0.96032555  0.22768929]
[1.82308979 0.44221245]
[-0.64609061  0.77124464]
[0.9018522  0.05505079]
[0.77709267 0.63169195]
[ 0.21975256 -0.15788462]
[0.15862262 0.9866442 ]
[2.00218824 0.34521015]
[-0.3430214   0.90396783]
[2.09192796 0.45822139]
[ 1.50346467 -0.42468167]
[0.13852085 0.94298393]
[0.82263871 0.64293609]
[0.06408693 0.30801121]
[-0.97349972  0.13365267]
[ 1.20317662 -0.50751947]
[1.94271594 0.25117558]
[0.83949853 0.25167474]
[-1.00625012 -0.01676686]
[ 0.65159289 -0.44385284]
[ 1.65394659 -0.26397795]
[-0.03321916  1.07738346]
[-0.99258251  0.10777643]
[ 1.63650337 -0.2452649 ]
[ 1.54187956 -0.31945327]
[ 0.95902335 -0.55777436]
[ 1.67475015 -0.20951743]
[0.93125066 0.325386  ]
[0.43559241 0.97986909]
[-0.50164439  0.8635975 ]
[1.91272475 0.03305341]
[ 1.2676246 -0.4625548]
[ 1.72645563 -0.13324109]
[0.97034326 0.28328032]
[ 0.80317835 -0.48267867]
[0.10508146 1.04955779]
[ 1.69447556 -0.27384771]
[ 1.42516373 -0.40375767]
[2.08327893 0.38730063]
[ 1.14252293 -0.45966566]
[ 0.95649199 -0.57776168]
[0.18248783 0.22669135]
[-1.02014219  0.02826015]
[-0.1422916   0.97247274]
[5.03345781e-04 9.38994613e-01]
[-0.01155944  0.45786992]
[ 0.35485313 -0.24426672]
[0.08734478 0.16839177]
[ 1.30289291 -0.44588357]
[ 1.5394626  -0.38131561]
[ 1.60080412 -0.334381  ]
[0.26678518 0.93710662]
[0.85596992 0.53413074]
[-0.94071873  0.37157278]
[2.04694056 0.47696655]
[0.08022227 0.3071335 ]
[ 1.8695411  -0.04245787]
[0.46153934 0.93490112]
[ 1.07821175 -0.49223724]
[-0.35486995  0.95353114]
[ 0.21672365 -0.26642482]
[ 0.8354159  -0.46167036]
[0.96602478 0.30393447]
[0.54601834 0.86068367]
[1.03993628 0.17796906]
[0.51000397 0.90187412]
[ 0.05897643 -0.05036636]
[1.96403414 0.35653857]
[ 1.03211843 -0.43743201]
[0.75039303 0.65233308]
[0.81224204 0.56426429]
[-0.02746267  1.0118256 ]
[0.8691929  0.52460389]
[0.26490012 1.00444254]
[0.47036198 0.86231169]
[-0.51667724  0.79810627]
[-0.30818865  1.00471642]
[-0.38567652  1.01104196]
[ 0.30008096 -0.14316767]
[0.09721327 1.06583317]
[ 1.73307246 -0.18471458]
[-0.51460397  0.86641137]
[0.01846865 0.93695558]
[ 1.28368844 -0.53865435]
[-0.99228155  0.03019724]
[ 0.94371997 -0.0038101 ]
[ 0.69851468 -0.4107551 ]
[ 1.62397991 -0.38367644]
[-0.97463108  0.22732561]
[2.06436505 0.37625073]
[0.30053885 1.01813618]
[1.87924919 0.09303066]
[ 0.19318743 -0.15860463]
[1.98416266 0.34614476]
[ 0.1764148  -0.00691529]
[-0.02989065  0.4463952 ]
[ 1.54638768 -0.39753191]
[-0.6942652   0.60822832]
[-0.01589369  1.00492273]
[0.14186319 0.09218734]
[ 0.43952792 -0.2978099 ]
[0.00983671 0.25107014]
[0.70413625 0.69268386]
[2.07177276 0.46654167]
[0.38129888 0.93519178]
[-0.33912869  0.93926489]
[ 0.24470585 -0.20182817]
[ 0.52572275 -0.41752066]
[-0.1603051   1.01406885]
[2.05100164 0.45164099]
[ 0.40948704 -0.24390958]
[1.02886537 0.34524644]
[0.46149604 0.81185501]
[ 0.47870135 -0.34202051]
[0.40683862 0.98923111]
[ 0.25973795 -0.09273507]
[-0.4171038   0.83526984]
[0.45292058 1.00835872]
[ 1.81825321 -0.14662026]
[-0.92699853  0.11936921]
[-0.83107963  0.62695265]
[-0.1827962   1.00621941]
[0.79553654 0.48715823]
[ 0.5646924  -0.43447612]
[ 0.76388212 -0.49854994]
[1.03847628 0.01147801]
[0.96745495 0.27744145]
[1.97185246 0.16636567]
[-0.98002855  0.13016586]
[ 0.8269831  -0.54450873]
[ 0.5134158  -0.37853345]
[-0.36820496  0.88517185]
[ 0.88779855 -0.52722482]
[ 0.18179404 -0.16306616]
[ 1.18077009 -0.47592499]
[ 1.66462743 -0.21350908]
[0.16694125 1.04771889]
[ 1.17156111 -0.50195286]
[-0.20338204  0.98917937]
[1.98326852 0.44210386]
[1.97172674 0.18686837]
[ 0.62143975 -0.41053257]
[ 1.35225792 -0.32430212]
[2.11578034 0.08626608]
[-0.98155299  0.04477448]
[-0.77413546  0.66924214]
[0.39507478 0.84849026]
[0.99253218 0.30597652]
[ 0.96683924 -0.4788429 ]
[-0.8961317   0.61353444]
[ 1.30423829 -0.49433846]
[ 0.42738499 -0.42379729]
[0.54666925 0.82003224]
[0.96550175 0.22485083]
[ 0.76607627 -0.47636311]
[-0.94918225  0.39171821]
[0.92014645 0.23795679]
[-0.13116183  0.96937483]
[-1.0123207   0.10448369]
[0.57293369 0.73792747]
[1.96732049 0.26886871]
[-0.73655728  0.65494979]
[1.10266048 0.05457856]
[0.0684493 0.17532  ]
[-0.92853032  0.52007772]
[ 0.80768147 -0.40203836]
[0.54037683 0.80437072]
[-0.40737659  0.85844131]
[ 0.37745735 -0.21646759]
[0.26787588 0.8808718 ]
[-0.5098938   0.89816367]
[ 1.57314848 -0.39534597]
[0.10221084 1.01332847]
[-0.88120683  0.56824969]
[0.06056179 0.99115048]
[-0.41386647  0.87657255]
[0.24494413 1.01604865]
[1.93101915 0.0985312 ]
[ 0.37992754 -0.30950675]
[-1.01748011  0.16859189]
[-0.786366    0.47267175]
[ 0.30936638 -0.20649751]
[0.01367176 0.35792087]
[ 0.19053117 -0.0683447 ]
[0.81015597 0.4129397 ]
[0.80575391 0.48991335]
[ 1.69486354 -0.28053988]
[0.97001187 0.24265425]
[0.28558222 0.94027285]
[1.03782187 0.59231049]
[0.04787465 0.29101596]
[0.81325509 0.59259954]
[ 1.10475681 -0.45014774]
[0.25186873 0.92474534]
[2.00520959 0.61292466]
[0.02833114 0.96796976]
[0.4043202  0.87180966]
[-0.97161358  0.4460932 ]
[ 0.80658979 -0.39642914]
[-0.14382906  0.99899473]
[ 1.61335582 -0.31385466]
[ 0.87852206 -0.58345696]
[-1.01287281 -0.03898091]
[0.03104523 0.2741159 ]
[1.93977536 0.2983896 ]
[0.87668516 0.47491584]
[0.19555339 0.13646646]
[0.27332196 0.9996544 ]
[ 1.5906535  -0.21197971]
[-0.98603723  0.36692631]
[-0.64019064  0.74465094]
[-1.06703623  0.15931407]
[-1.07606142  0.19803702]
[ 0.49804151 -0.29741353]
[-0.77207475  0.6059847 ]
[-0.97069889  0.37051546]
[ 0.77460896 -0.48196389]
[1.83571614 0.06738821]
[-1.02416255  0.05541383]
[0.42511751 0.88747838]
[0.09581836 1.05008689]
[1.91282673 0.29644416]
[-0.57469528  0.93855592]
[-0.9222479  0.4397552]
[-0.73605725  0.68682466]
[0.61371094 0.80474907]
[ 1.81901053 -0.11213301]
[ 1.58995379 -0.20944597]
[0.865553   0.50567102]
[ 1.39107078 -0.34518209]
[1.95133178 0.2553107 ]
[0.13824182 0.99707748]
[0.16236176 0.96709945]
[1.95487077 0.04390832]
[-0.9285953   0.64962705]
[-0.86011184  0.40449247]
[ 1.4050556  -0.50401261]
[ 0.70694808 -0.47578095]
[-0.52838914  0.8851553 ]
[-0.29855463  0.96613256]
[-0.78855136  0.60971369]
[ 0.19156586 -0.03808518]
[0.92587713 0.29883966]
[-0.28836741  0.90953334]
[-0.30539713  0.89461886]
[-0.0044246   0.14889269]
[0.51451657 0.89506538]
[ 1.08999521 -0.41936976]
[-0.05705889  1.07959826]
[0.76226814 0.52498857]
[ 0.2170475  -0.31411975]
[-0.99034806  0.03490109]
[ 1.26960376 -0.37175634]
[1.91977077 0.36838956]
[1.96966184 0.25532574]
[1.95958353 0.42197217]
[ 0.1725112  -0.12268017]
[ 0.28483743 -0.16043657]
[-0.56399585  0.86221213]
[1.02995669 0.12077534]
[1.92284972 0.3380327 ]
[-0.338181    0.93412664]
[-0.00655451  0.29156107]
[0.85955691 0.51027202]
[-0.33277942  1.00640349]
[ 0.36617428 -0.33825005]
[-0.99628522  0.18556228]
[-0.54603631  0.87604655]
[0.71302229 0.52337172]
[-0.84670792  0.5085327 ]
[ 1.73140528 -0.13970215]
[1.02772412 0.11516248]
[ 0.87379006 -0.54859876]
[0.28240933 0.97265064]
[ 1.77492389 -0.12540206]
[-0.48068736  0.86947328]
[0.00629017 0.48966235]
[-0.70102393  0.7589047 ]
[ 1.03535499 -0.49518842]
[ 1.44261668 -0.53789099]
[1.06250905 0.06979256]
[ 1.79927212 -0.08065623]
[-0.00465251  0.17765827]
[0.64108854 0.8308802 ]
[2.04992174 0.27597708]
[0.99139196 0.42899184]
[0.79754212 0.78823829]
[-0.03865103  0.4396217 ]
[ 0.16596333 -0.0984493 ]
[ 1.86927554 -0.00889665]
[ 0.42213566 -0.26014762]
[0.95981036 0.14676897]
[-0.66431612  0.83474633]
[ 1.80402611 -0.01933139]
[-1.00092772  0.1392639 ]
[ 0.93757844 -0.4716293 ]
[1.96808098 0.42521508]
[0.09310426 0.3067523 ]
[-0.8299837   0.43448308]
[0.81955909 0.41676913]
[-0.89676747  0.22989664]
[ 0.89823153 -0.56400598]
[-0.09267041  0.32288336]
[0.42808064 0.94377445]
[-0.82456783  0.46684752]
[ 1.06890595 -0.48277007]
[0.76766064 0.67413044]
[ 0.41479142 -0.39295574]
[1.05670806 0.08328887]
[-0.03493987  0.98124118]
[ 1.44596693 -0.40954285]
[ 0.36549801 -0.17376418]
[ 1.69073688 -0.11565768]
[0.73839245 0.72647535]
[1.90176522 0.02560078]
[ 0.94725276 -0.3885097 ]
[-0.4245454   0.92957123]
[ 0.40683106 -0.20342806]
[ 1.34512023 -0.50465879]
[-0.92574194  0.40019732]
[1.9295277  0.01594363]
[ 0.43130753 -0.25180243]
[1.92223926 0.28440947]
[ 0.45396611 -0.26219967]
[0.6532434  0.73286511]
[ 0.27326371 -0.25059269]
[ 0.84546125 -0.45859692]
[ 0.88153938 -0.46630322]
[-0.04169493  0.97588183]
[0.05208279 1.00765978]
[-0.44760192  0.83216118]
[ 1.31893044 -0.45323805]
[1.88021746 0.19677979]
[ 0.65316991 -0.439246  ]
[-0.57343697  0.75642702]
[0.33302252 0.94928685]
[0.5269202  0.86222878]
[ 0.69757753 -0.41002223]
[-0.24631072  1.03062373]
[ 1.03348377 -0.43410927]
[-0.88342123  0.37647414]
[ 1.44094991 -0.35072317]
[ 1.51358281 -0.31006993]
[-0.12839697  0.97531905]
[ 0.907595   -0.52388815]
[-0.1326972   0.97842753]
[0.08952092 0.07139715]
[0.7658653  0.56483835]
[0.79001105 0.56028367]
[-0.15146701  1.00600884]
[ 1.58815623 -0.21373179]
[0.26923403 0.9693805 ]
[2.00491241 0.45639558]
[ 0.81250803 -0.46174578]
[ 0.30335402 -0.17636661]
[0.0225407  0.41267775]
[-0.5516844   0.84659554]
[0.21814677 0.23505917]
[1.96006415 0.09238965]
[-0.71023409  0.82003125]
[ 0.57316399 -0.45818818]
[ 0.53734086 -0.3484129 ]
[ 0.53837203 -0.37521516]
[-0.33217181  0.9794113 ]
[-0.1601565   1.01367304]
[2.05652163 0.44540232]
[ 0.62014166 -0.45927531]
[0.55811254 0.8133798 ]
[ 1.76277187 -0.10858961]
[-0.32190197  0.98062237]
[-0.07873487  1.01754085]
[-0.01610142  0.31759428]
[ 0.72857233 -0.46748504]
[1.86334326 0.04499657]
[-0.0061916   0.97370619]
[2.08485016 0.31344671]
[ 1.41959296 -0.38793071]
[0.76065517 0.51284994]
[0.43419222 0.87110528]
[-0.91213955  0.49695131]
[ 1.68422026 -0.27280986]
[0.95751321 0.38443814]
[ 1.6324285  -0.22424279]
[ 0.10358102 -0.04173146]
[-0.04422208  0.49803019]
[0.13800073 0.03452254]
[-0.82479576  0.63940575]
[0.8912247  0.37991416]
[0.04427331 0.34017447]
[1.03046486 0.14699764]
[-0.45440222  0.95355334]
[-0.99892587 -0.00305324]
[0.86396913 0.67663276]
[-0.58164411  0.7231585 ]
[-0.63772289  0.70476216]
[-0.93127832  0.43842875]
[0.69304992 0.74897345]
[0.458579  1.0063589]
[ 1.40088696 -0.45180182]
[ 0.1516099  -0.15472989]
[0.93953036 0.23625459]
[ 0.65689248 -0.46511334]
[ 1.82172883 -0.01980678]
[-0.96487888  0.20061823]
[0.93299018 0.33669927]
[-0.48022529  0.8358046 ]
[0.41420596 0.96298513]
[-1.10311529  0.20352083]
[-1.0083496   0.25960563]
[1.90102775 0.20092463]
[0.9092163  0.42057735]
[-0.0945697   1.03073457]
[0.0173024  0.32101667]
[0.0408435  0.37596171]
[-1.07080885  0.09547218]
[ 0.65715046 -0.41928879]
[0.83461044 0.57727307]
[0.0639168  0.05106351]
[0.21781948 0.91661359]
[-0.97938971  0.27686821]
[-0.77345676  0.69068464]
[1.86210007 0.2443301 ]
[-0.80799669  0.72712481]
[-0.62581998  0.77138575]
[-0.65708537  0.75761563]
[0.06710031 0.17389948]
[ 0.98135632 -0.52053073]
[ 0.61489893 -0.4469665 ]
[ 0.03022971 -0.00215923]
[ 1.54432195 -0.20429415]
[0.05787596 0.3051652 ]
[ 0.97670645 -0.44295227]
[0.93763879 0.4221584 ]
[-0.75364284  0.56922061]
[ 0.64763894 -0.39569911]
[2.07669197 0.37594376]
[1.82635591 0.01576382]
[-0.18368026  1.01366958]
[ 0.89390738 -0.42569352]
[ 1.39743704 -0.34750434]
[ 0.8395317 -0.509641 ]
[0.00445524 0.42299405]
[ 0.37828866 -0.30348066]
[1.01667054 0.13099597]
[ 1.01352224 -0.45885074]
[ 0.9936824 -0.5019274]
[ 0.32976705 -0.31836703]
[ 0.94724831 -0.59860754]
[0.49042299 0.78687609]
[-0.86431578  0.37105609]
[0.5317297  0.86623669]
[ 0.12362704 -0.05143613]
[ 1.74372267 -0.16644466]
[-0.39575347  0.81466872]
[-0.51644311  0.78677636]
[0.41667454 0.83068947]
[ 1.5437984  -0.25982828]
[1.96744341 0.30642775]
[ 0.53283173 -0.40192263]
[ 1.51331239 -0.39942591]
[0.29449791 0.93377253]
[ 0.43726841 -0.25048154]
[-0.49916556  0.82400624]
[0.80591493 0.43028412]
[ 0.93634286 -0.42661202]
[ 1.39728243 -0.43709477]
[1.94205833 0.06889726]
[ 0.74393047 -0.47856597]
[-0.51642144  0.88817278]
[0.09613215 0.06361954]
[0.78232786 0.6169252 ]
[ 0.57199029 -0.37953439]
[0.65384316 0.73209759]
[-0.30257533  0.91434938]
[0.94244325 0.40565037]
[0.96173576 0.12231125]
[0.1059075 0.0273701]
[0.22224475 0.93322673]
[0.01897096 0.08568664]
[0.10214849 0.94007442]
[0.83517869 0.48023095]
[ 0.46899068 -0.31220969]
[-0.81516065  0.59052165]
[ 1.63831774 -0.26686221]
[ 1.27889938 -0.53534863]
[0.13376546 1.0067383 ]
[1.00262751 0.16962713]
[0.12788296 0.0622021 ]
[0.02238257 0.37455794]
[2.02880347 0.26504048]
[2.08674178 0.38237291]
[ 0.70671175 -0.4684544 ]
[0.06688884 0.20748991]
[ 0.88150351 -0.51903527]
[0.12819701 0.94544431]
[ 0.52340891 -0.43219675]
[-1.03870191  0.10987133]
[ 0.29757049 -0.18351727]
[-0.70306693  0.7224975 ]
[-0.01406152  1.06379289]
[ 0.33113243 -0.21880166]
[-0.82654153  0.38291735]
[0.12427952 0.01830506]
[0.80949012 0.62238833]
[0.01074333 0.34232261]
[ 1.86162308 -0.11465402]
[ 1.21715553 -0.37407224]
[-0.63993556  0.86036832]
[-0.85019197  0.61338523]
[ 1.7312441  -0.13686366]
[ 0.27831322 -0.13385931]
[0.07331129 0.89652305]
[0.91769103 0.36603919]
[-0.62472014  0.76639418]
[ 0.66312289 -0.446159  ]
[ 0.23995674 -0.12577289]
[2.0217412  0.41554212]
[ 1.43933941 -0.41458157]
[-0.42858522  0.93793135]
[0.60561419 0.66416621]
[0.85614548 0.28383569]
[ 1.00214605 -0.02304461]
[ 1.47881778 -0.25986982]
[ 1.73766026 -0.16882329]
[ 0.40283923 -0.16357219]
[-0.46166706  0.90055923]
[-0.01166988  0.22668117]
[-0.22375187  0.9972533 ]
[0.70929616 0.61136251]
[-0.67571192  0.82885968]
[0.02815735 0.33291153]
[-0.50065016  0.88550803]
[1.10920408 0.1128191 ]
[2.02872747 0.58637645]
[ 1.56454168 -0.47752169]
[ 1.18757673 -0.4065647 ]
[-0.0199199  0.9232696]
[ 1.69079158 -0.22494065]
[0.87886944 0.28220659]
[-0.89944331  0.39931312]
[0.62772086 0.86095225]
[1.87204236 0.01287796]
[ 0.51926341 -0.33818791]
[ 0.26995602 -0.26030845]
[0.94740957 0.13202767]
[ 0.26285648 -0.16139402]
[-0.02002658  0.46932745]
[-0.93793787  0.33920927]
[-0.0300968   1.01831364]
[ 1.41875924 -0.40123337]
[-0.64531676  0.80206129]
[0.13846325 0.04930451]
[ 0.14091279 -0.08117675]
[-0.86660242  0.47719012]
[0.97984295 0.1606699 ]
[ 1.15939667 -0.47517335]
[1.06054661 0.03019271]
[ 1.21890422 -0.45404572]
[-0.44595321  0.88459874]
[-0.86169648  0.28982164]
[-0.98897623  0.26538501]
[1.98712764 0.31966266]
[ 0.82015402 -0.42786568]
[ 0.45568883 -0.29786014]
[ 1.37315337 -0.41310477]
[-0.9958468   0.36742902]
[ 0.3063019  -0.06896671]
[0.95472772 0.31178167]
[ 1.85267283 -0.05811111]
[-0.91950963  0.32958407]
[-0.83743695  0.40997091]
[ 0.51186018 -0.31492201]
[0.05262701 1.01552974]
[-0.81982928  0.65094931]
[0.4858918  0.89291587]
[ 0.6715038  -0.34529319]
[-0.72554319  0.7643536 ]
[0.96540379 0.08427502]
[ 1.61611306 -0.28280168]
[ 0.80158386 -0.51955319]
[ 1.0896537  -0.39815531]
[-0.72909837  0.75065303]
[-0.83586262  0.7025989 ]
[0.96667546 0.08130747]
[-0.92839397  0.03169856]
[ 0.51265113 -0.43835396]
[-0.31576155  0.9760505 ]
[1.94718492 0.15892717]
[0.17821221 0.01880616]
[ 1.9251765  -0.00720359]
[0.76739168 0.66974805]
[ 0.35912344 -0.24948654]
[ 1.10062661 -0.51018027]
[-0.75150029  0.71001876]
[0.5130142  0.91955714]
[ 1.22055756 -0.44167396]
[ 0.25524285 -0.1945055 ]
[1.04236537 0.32805179]
[-0.60076211  0.76959308]
[ 1.20855601 -0.49553477]
[0.10897558 0.17451152]
[-0.50627565  0.82175916]
[ 0.86439803 -0.54000109]
[0.74902019 0.68364783]
[-0.97055272  0.3666944 ]
[ 1.61772553 -0.26487654]
[-0.14952121  0.95293302]
[0.04227554 0.23185298]
[ 1.33289649 -0.45457447]
[-0.37786634  0.90220563]
[1.88152518 0.01029179]
[-0.93041724  0.36246373]
[1.97210996 0.35146321]
[0.04891005 0.93712181]
[-0.91001112  0.34095562]
[-0.81673673  0.51583662]
[ 1.16586129 -0.46793946]
[-0.5571476   0.86886575]
[ 1.66609434 -0.19096924]
[ 0.19098619 -0.08995114]
[-0.52664647  0.94908072]
[-0.33694416  0.88321128]
[0.72361735 0.70638667]
[-0.94707908  0.23273024]
[-0.32339436  0.89202867]
[2.05387286 0.42648066]
[1.91569761 0.34944693]
[0.06624076 1.00457593]
[1.85879725 0.04466875]
[ 0.57411881 -0.43532468]
[0.00985856 0.4757436 ]
[-0.9818897   0.27886492]
[ 0.97622236 -0.61510859]
[ 0.4582203  -0.32774543]
[ 1.55871277 -0.27796353]
[-0.30393108  0.94676269]
[-0.55262901  0.78383953]
[ 0.24643179 -0.1378603 ]
[ 1.12980358 -0.52454531]
[0.01790725 0.28965432]
[2.04397763 0.40085503]
[-0.63692604  0.88129406]
[ 0.41886762 -0.21801464]
[1.97000016 0.38758502]
[-0.88108799  0.31117061]
[0.71691475 0.65973527]
[0.99144739 0.20003908]
[0.08880473 0.08009717]
[-0.41826172  0.86473935]
[ 0.75681195 -0.4681015 ]
[0.67732012 0.82765807]
[-0.78589712  0.67330772]
[-1.05452932  0.23685467]
[ 0.12701001 -0.02310503]
[ 1.5789357  -0.21764916]
[0.80404998 0.6560949 ]
[ 1.56086097 -0.34594972]
[ 1.43855755 -0.36992729]
[-0.75863876  0.6091109 ]
[ 0.97599291 -0.51176264]
[ 1.72812481 -0.16967989]
[0.07670907 0.31966282]
[ 0.94728833 -0.45601662]
[0.86001157 0.22476298]
[ 0.21452681 -0.12775726]
[-0.93903382 -0.02652101]
[0.06736097 0.2344994 ]
[ 1.60730046 -0.30704632]
[-0.61357151  0.74263931]
[ 1.58031924 -0.26260952]
[0.3502254  0.89626509]
[0.19575665 0.96159686]
[ 1.30836616 -0.50976358]
[ 0.52132375 -0.43864117]
[0.06074094 0.99875392]
[0.73065065 0.87880601]
[-0.91766146  0.24011605]
[0.10370094 0.1360917 ]
[ 1.22488789 -0.40607641]
[-0.00801937  0.3274888 ]
[ 1.02579734 -0.51142754]
[-0.14543825  1.01513659]
[0.17495214 0.12566547]
[ 1.4150846  -0.44147888]
[ 1.04778357 -0.38451338]
[0.93195515 0.6089802 ]
[1.9441006 0.2533365]
[0.96719341 0.33286575]
[ 0.48641078 -0.42359388]
[0.8162303  0.52678851]
[-0.0796121   0.99620936]
[0.51575204 0.98262761]
[-0.91135169  0.19245612]
[-0.89748656  0.5266589 ]
[0.04254093 1.01087607]
[0.14391579 0.97003058]
[1.99702406 0.14749966]
[ 1.71576566 -0.13919416]
[ 1.19283871 -0.48571885]
[ 1.1991322  -0.48526597]
[ 1.53009315 -0.43549301]
[-0.72236675  0.72243675]
[-0.82012796  0.58222767]
[ 0.41306282 -0.38931364]
[-0.82664715  0.46311459]
[ 1.00592266 -0.02474653]
[ 1.29612997 -0.44868232]
[-0.52312895  0.91706301]
[0.79154292 0.59513285]
[ 1.86891517 -0.08071133]
[0.00513244 1.07161338]
[-0.23750797  0.99638302]
[-0.15206126  0.95760934]
[-0.04056845  0.44472743]
[ 1.83530408 -0.09403654]
[-0.82889783  0.48428318]
[-0.95013787  0.229208  ]
[ 0.88659694 -0.51908296]
[0.68395069 0.68311654]
[ 1.3454146  -0.45945311]
[ 1.45270312 -0.27589305]
[1.94534641 0.12673479]
[-0.3466145   0.93667298]
[ 0.37138553 -0.26062492]
[0.60418816 0.75814172]
[0.80072369 0.78043923]
[ 0.60043159 -0.3605865 ]
[0.98207844 0.11940674]
[-0.05171646  0.48327396]
[ 1.11353187 -0.45979779]
[ 1.11669432 -0.57588106]
[ 1.84798434 -0.04656087]
[-0.83055691  0.54371372]
[-0.97839715  0.38441865]
[-0.00433905  0.44687339]
[1.0484381  0.05818818]
[0.35872749 0.89782375]
[ 1.27852208 -0.49341661]
[-0.8433207   0.34783007]
[-0.02057672  0.33992947]
[ 1.83300824 -0.00400921]
[ 1.56520446 -0.35936682]
[0.57880386 0.84954341]
[0.46487563 0.86608554]
[0.35682086 1.03875404]
[1.88180334 0.28927688]
[ 1.38255798 -0.43708909]
[-0.04149982  0.49758237]
[0.79376674 0.63689773]
[0.53194801 0.79778409]
[-0.00638412  1.02183152]
[ 0.42306119 -0.27717922]
[-0.18916228  0.96800005]
[-0.93302741  0.50297613]
[1.93401164 0.35570863]
[ 1.59185953 -0.37248775]
[0.01803101 0.40782032]
[0.9133372  0.08438781]
[0.05698951 0.34589947]
[0.83315158 0.57413245]
[-0.90714346  0.3373449 ]
[2.05295669 0.19123187]
[-0.96591203  0.17220706]
[-0.77802637  0.50096238]
[ 1.253469   -0.48093143]
[-0.02051643  0.47108   ]
[0.60664535 0.87738123]
[0.45821394 1.0017685 ]
[ 0.87150114 -0.49049101]
[0.6698957  0.64931885]
[-0.98264815  0.0527269 ]
[ 1.3277443  -0.37725036]
[ 0.91327222 -0.54737887]
[0.12047704 0.04831676]
[ 0.58218139 -0.42538665]
[-0.39636193  0.91789176]
[ 0.31867912 -0.19366074]
[ 0.46194658 -0.37134012]
[0.99640938 0.02818327]
[1.90323805 0.0203402 ]
[0.253157   0.97896529]
[0.79886185 0.5333211 ]
[-0.05383733  0.91907467]
[ 1.79196594 -0.17511353]
[ 0.85792608 -0.5126618 ]
[-1.00214445  0.00562305]
[0.17188798 0.09004161]
[0.24239614 1.02806174]
[2.05764808 0.28860599]
[0.73989422 0.77171958]
[-0.97617573  0.10681211]
[ 1.00949376 -0.00362388]
[ 1.59039805 -0.25226058]
[ 0.22926822 -0.1346929 ]
[ 1.72374286 -0.17322371]
[ 0.43173899 -0.33814045]
[0.70115554 0.7106699 ]
[0.34727806 0.9078898 ]
[-0.90348685  0.45914182]
[0.4465464  0.81834658]
[0.05509634 0.30083275]
[0.00972716 0.42572335]
[-0.71929208  0.60368192]
[0.07337132 0.04869049]
[ 1.75249186 -0.19086399]
[-0.65165684  0.78249697]
[0.16008141 1.0807032 ]
[ 1.70648059 -0.27041921]
[0.11577562 0.15267185]
[ 1.96920901 -0.10410877]
[-0.00839404  0.27821693]
[ 0.99519797 -0.56079401]
[ 0.65739999 -0.4665908 ]
[ 1.85698108 -0.07321666]
[ 0.87390371 -0.53212108]
[0.93825325 0.18500853]
[ 0.29719073 -0.30068904]
[0.98842022 0.24604168]
[-0.20415486  0.87972421]
[-0.98947368  0.39792083]
[ 1.36605707 -0.52290741]
[ 1.30720683 -0.46137227]
[-0.94710718  0.06339101]
[-0.90079767  0.47859353]
[1.87885858 0.06013658]
[-0.67289141  0.63201507]
[-1.06236347  0.09661452]
[-1.0044493   0.27780607]
[ 1.52660199 -0.37321272]
[-0.31985635  0.87355111]
[-1.05261772  0.2273389 ]
[-0.71665946  0.7783767 ]
[ 0.51066545 -0.36400621]
[-0.89304669  0.41188599]
[0.20606789 0.90240675]
[-0.18616317  1.06747477]
[ 0.94938201 -0.02225431]
[ 0.33249693 -0.1553092 ]
[0.94238703 0.12972624]
[ 0.97298763 -0.48781949]
[-0.17812456  0.95033311]
[ 1.69227845 -0.21862795]
[0.03200443 0.26625237]
[ 1.68185967 -0.21534889]
[0.43079886 0.93557764]
[-0.80923447  0.61392445]
[-0.18916907  1.00537128]
[-0.85751727  0.4436293 ]
[0.11356779 0.07574692]
[0.83390759 0.43869288]
[-0.36007854  0.91549504]
[-0.3870766   0.86906424]
[-0.1343034   1.02586413]
[-0.01681914  0.94947363]
[0.23315875 0.98691351]
[-0.11097358  1.07665136]
[ 1.15955327 -0.54001585]
[ 1.8036853  -0.16142426]
[-0.58671137  0.66458446]
[ 0.9915513  -0.56157174]
[ 0.17309839 -0.01686723]
[0.26426048 1.01851673]
[ 1.80014089 -0.06964109]
[ 1.75419799 -0.06789863]
[ 1.70332581 -0.2520595 ]
[1.99186466 0.52645242]
[0.98951841 0.0647002 ]
[2.08842985 0.35700534]
[ 0.70841082 -0.32704913]
[0.68167801 0.66297752]
[ 0.64410676 -0.42269473]
[-0.05765343  0.89797932]
[0.82377278 0.56344068]
[1.99571187 0.41235506]
[ 1.2513143  -0.46500392]
[ 1.29381242 -0.46555736]
[ 0.70246811 -0.51734019]
[0.84288955 0.55140886]
[ 1.65044587 -0.23179728]
[ 0.88698259 -0.46219904]
[1.08526397 0.22344889]
[-0.30598296  0.98626348]
[ 0.46340095 -0.28322855]
[-1.03014624  0.32000088]
[ 1.11989809 -0.48782012]
[1.9043225  0.20899322]
[-0.00512381  1.02705749]
[ 1.74550074 -0.23396242]
[0.07300794 0.20047401]
[-0.88225283  0.42481585]
[ 0.4179931  -0.25141626]
[-0.59110508  0.77391596]
[1.99371538 0.41041351]
[0.82324689 0.53638883]
[-0.67585838  0.70604184]
[ 0.85844854 -0.51559322]
[ 1.38769561 -0.46086882]
[-0.95677172  0.16279422]
[ 0.78519926 -0.57619284]
[0.24380865 0.12292011]
[1.93292031 0.20352075]
[0.74230372 0.72651224]
[-0.41991865  0.90283742]
[ 0.1073926  -0.01141412]
[-0.46680979  0.81599779]
[ 0.47454382 -0.22661494]
[0.18644468 1.03266465]
[-0.03434854  1.03171951]
[ 1.07495175 -0.52642511]
[0.04823849 0.20565036]
[0.13276599 1.02442221]
[0.50216381 0.81826241]
[ 0.06638885 -0.04893283]
[-0.69741771  0.67427641]
[0.68501846 0.55618335]
[ 0.16320851 -0.00284325]
[-0.93647078  0.41377457]
[0.06344931 0.39430549]
[ 1.65482595 -0.26223251]
[-1.00286603  0.23194476]
[1.91474458 0.26726662]
[ 0.12083218 -0.07073674]
[ 1.37120563 -0.39575788]
[ 0.87655172 -0.57865796]
[0.09838    0.37044213]
[0.1169625  0.13397588]
[0.25700706 0.97869205]
[-0.0262199   0.38698926]
[0.41763947 0.85321833]
[-0.37621974  0.96000419]
[-0.63422863  0.76402808]
[0.92978931 0.31552181]
[ 1.57156538 -0.34094899]
[0.77547876 0.69404002]
[-0.99628676  0.03814838]
[ 1.88341846 -0.01931314]
[ 1.50029023 -0.37306607]
[-0.12203892  1.00055217]
[ 1.0913902  -0.57196121]
[1.0563314 0.152342 ]
[0.15342996 1.12481595]
[0.81422519 0.72624846]
[ 0.66349353 -0.42824983]
[ 0.18978646 -0.2035666 ]
[ 0.65451781 -0.3662135 ]
[-0.46772298  0.86368917]
[ 0.68007923 -0.50277968]
[ 0.63735924 -0.39240784]
[-0.05304656  0.96958976]
[0.62728033 0.75538639]
[ 1.64017135 -0.2201504 ]
[ 0.74382373 -0.3892409 ]
[ 1.1101584  -0.52409524]
[ 1.53516976 -0.4221237 ]
[1.90157171 0.09687935]
[0.05773682 0.11518681]
[-0.41631518  0.97500198]
[0.96662214 0.10136576]
[-0.3684201  0.8982689]
[-0.11254052  0.49935984]
[2.0296932  0.07797691]
[-0.04602864  0.94884822]
[0.76256576 0.74306303]
[0.53260212 0.84743283]
[-0.0338722   0.43584637]
